Name	"node.degree"	"node.betw"	"node.stress"	"node.evcent"	"Clustering.Coefficient"	No. module	Zi	Pi
Uniq95	34	2.35797638113329	112	0.171419799023363	0.978609625668449	0	0.633074070599145	0
Uniq233	30	3.4059702892534	68	8.77470389234692e-11	0.852873563218391	8	0.525336529395949	0
Uniq407	2	4794	55562	1.79071331648996e-05	0	7	-1.01512945227594	0.5
Uniq62	28	2.89650827210731	55	8.20954420474776e-11	0.854497354497355	8	0.181479891973146	0
Uniq236	27	1.88173069442557	44	8.04728201602922e-11	0.886039886039886	8	0.00955157326174479	0
Uniq119	31	5.70766536382033	95	8.83082052000459e-11	0.804301075268817	8	0.69726484810735	0
Uniq846	1	0	0	1.5552583704429e-190	0	17	0	0
Uniq1438	2	298	1687	9.62969603676376e-07	0	4	-0.232495277487639	0
Uniq459	1	0	0	4.64192800244702e-07	0	2	-0.560455555283247	0
Uniq53	33	6.03161869943742	99	9.42703265536719e-11	0.8125	8	1.04112148553015	0
Uniq1240	1	0	0	6.79775439098245e-06	0	1	-0.915260586222681	0
Uniq180	31	3.63999847755404	70	9.05471687096522e-11	0.849462365591398	8	0.69726484810735	0
Uniq59	31	5.07611368836366	93	8.88441450203276e-11	0.810752688172043	8	0.69726484810735	0
Uniq160	30	5.69217915884089	96	8.5302265389278e-11	0.790804597701149	8	0.525336529395949	0
Uniq1370	2	298	1687	9.62969603676376e-07	0	4	-0.232495277487639	0
Uniq58	30	5.69217915884089	96	8.5302265389278e-11	0.790804597701149	8	0.525336529395949	0
Uniq131	31	5.53995850777723	93	8.84459642321171e-11	0.808602150537634	8	0.69726484810735	0
Uniq101	29	2.75035884989583	60	8.55373147343245e-11	0.864532019704434	8	0.353408210684547	0
Uniq900	1	0	0	0.000183442226153872	0	1	-0.915260586222681	0
Uniq303	23	2.05270934772015	35	6.70972378619793e-11	0.861660079051383	8	-0.67816170158386	0
Uniq1021	2	0	0	1.43477014324543e-08	1	2	-0.192656597128616	0
Uniq1909	2	1332.76024361697	7584	0.000183671857778221	0	4	-0.88016069334606	0.5
Uniq107	28	1.96411152022745	45	8.34197877727725e-11	0.888888888888889	8	0.181479891973146	0
Uniq611	1	0	0	5.23123888095656e-07	0	4	-0.88016069334606	0
Uniq220	27	3.132876765504	55	7.90085792759064e-11	0.851851851851852	8	0.00955157326174479	0
Uniq113	31	5.07611368836366	93	8.88441450203276e-11	0.810752688172043	8	0.69726484810735	0
Uniq1793	1	0	0	1.72995343919012e-06	0	4	-0.88016069334606	0
Uniq109	32	5.24367435247604	97	9.16681380210116e-11	0.814516129032258	8	0.869193166818751	0
Uniq645	4	888	4365	1.43734377434278e-08	0.333333333333333	2	0.542941319180646	0
Uniq112	34	2.35797638113329	112	0.171419799023363	0.978609625668449	0	0.633074070599145	0
Uniq1003	2	298	1457	1.55105118137093e-05	0	2	-0.192656597128616	0
Uniq2176	1	0	0	4.6460967897448e-07	0	2	-0.560455555283247	0
Uniq178	30	4.64743947264277	85	8.61424916450182e-11	0.816091954022989	8	0.525336529395949	0
Uniq241	29	3.51470096954015	61	8.46076284400144e-11	0.849753694581281	8	0.353408210684547	0
Uniq115	30	10.1971184986292	111	8.42649122935038e-11	0.779310344827586	8	0.525336529395949	0
Uniq193	4	2974.06666666665	36441	4.82190373846206e-10	0.166666666666667	7	1.09321633322024	0
Uniq213	1	0	0	2.04066598413888e-05	0	1	-0.915260586222681	0
Uniq187	35	1182.35797638113	3268	0.171568871963562	0.922689075630252	0	0.633074070599145	0.0555102040816327
Uniq243	18	0.498587929922263	13	5.38780650924919e-11	0.915032679738562	8	-1.53780329514087	0
Uniq82	4	9	10	9.4283936337308e-132	0.333333333333333	9	1.35680105059994	0
Uniq269	39	2002.67606208079	6308	0.172484270098691	0.744939271255061	0	0.840801500014489	0.0973044049967127
Uniq3314	11	0.383176892144545	10	0.000748289893486208	0.963636363636364	1	0.267537709818938	0
Uniq239	33	0.726859735242546	27	0.167280409084593	0.988636363636364	0	0.563831594127363	0
Uniq66	3	8	9	7.57955876628096e-132	0.333333333333333	9	0.603022689155527	0
Uniq192	32	9.7149398975032	110	9.16067000149178e-11	0.814516129032258	8	0.869193166818751	0
Uniq159	33	2.25277401953494	109	0.166823707918029	0.982954545454545	0	0.563831594127363	0
Uniq525	2	3	3	2.17555763737747e-157	0	13	0.5	0
Uniq1655	4	281.652220759763	1960	3.66821619845626e-05	0.666666666666667	2	0.542941319180646	0
Uniq118	34	2.35797638113329	112	0.171419799023363	0.978609625668449	0	0.633074070599145	0
Uniq1675	1	0	0	1.54966444771035e-05	0	2	-0.560455555283247	0
Uniq200	35	840.629897473855	5408	0.171897593902521	0.926050420168067	0	0.633074070599145	0.0555102040816327
Uniq128	25	1.34567055890892	33	7.5062367687468e-11	0.903333333333333	8	-0.334305064161058	0
Uniq153	6	304.25	7025	8.38309178312745e-10	0.266666666666667	15	0.445668811624925	0
Uniq210	30	10.0947515577648	106	8.47429968189938e-11	0.790804597701149	8	0.525336529395949	0
Uniq620	14	0.152963702963703	4	4.14023972424327e-11	0.956043956043956	8	-2.22551656998647	0
Uniq96	26	7.13302426270999	74	7.38707911750412e-11	0.809230769230769	8	-0.162376745449657	0
Uniq2306	8	1778.9510239508	7544	0.000179544201767155	0.214285714285714	1	-0.0873017789935479	0
Uniq1188	1	0	0	1.54966444771035e-05	0	2	-0.560455555283247	0
Uniq147	31	1.91390684044565	95	0.157181092002762	0.987096774193548	0	0.4253466411838	0
Uniq87	31	10.4165373984428	113	8.74592645459756e-11	0.791397849462366	8	0.69726484810735	0
Uniq184	25	1.94354522638111	40	7.38202947781228e-11	0.876666666666667	8	-0.334305064161058	0
Uniq166	34	43.2627040119004	573	0.167415947683143	0.928698752228164	0	0.633074070599145	0
Uniq163	5	937.966666666672	12903	1.49437196254951e-11	0.2	7	1.79599826171897	0
Uniq91	2	6	6	9.77330366118231e-159	0	12	0.707106781186548	0
Uniq48	34	2.35797638113329	112	0.171419799023363	0.978609625668449	0	0.633074070599145	0
Uniq425	3	71.2873015873016	1749	6.74527815440602e-09	0.666666666666667	15	-0.779920420343618	0
Uniq385	1	0	0	4.34952931704991e-159	0	12	-1.4142135623731	0
Uniq114	2	0	0	6.72142438412489e-132	1	9	-0.150755672288882	0
Uniq356	28	2.57772982832887	50	8.25572463022008e-11	0.867724867724868	8	0.181479891973146	0
Uniq2382	1	0	0	1.54966444771035e-05	0	2	-0.560455555283247	0
Uniq110	29	3.87411082210016	71	8.39181518186691e-11	0.832512315270936	8	0.353408210684547	0
Uniq375	29	3.96301079346883	70	8.41887044609873e-11	0.83743842364532	8	0.353408210684547	0
Uniq623	1	0	0	4.46101644540477e-13	0	7	-1.01512945227594	0
Uniq4461	18	613.272416128827	10320	0.000652912560022928	0.496732026143791	1	1.09549651704807	0
Uniq1572	1	0	0	4.35127783650516e-07	0	4	-0.88016069334606	0
Uniq212	1	0	0	4.34952931704991e-159	0	12	-1.4142135623731	0
Uniq1280	2	1009.21551739085	3389	0.00490057269169459	0	5	-1.29099444873581	0.5
Uniq165	35	300.357976381133	904	0.171568738448049	0.922689075630252	0	0.702316547070926	0
Uniq1055	1	0	0	0.00515742545611451	0	0	-1.65192765296964	0
Uniq1073	5	467.900914917001	3299	6.5662996290023e-05	0.2	2	0.542941319180646	0.32
Uniq962	3	587	4354	1.55383460295468e-05	0	2	0.175142361026015	0
Uniq244	27	2.21737718625055	49	8.01947001571275e-11	0.874643874643875	8	0.00955157326174479	0
Uniq861	10	0	0	0.000620221784971841	1	1	0.149257880214776	0
Uniq172	2	4	4	7.83758100938168e-159	0	12	0.707106781186548	0
Uniq803	5	1735.31397810727	11583	1.74952876735026e-05	0.1	4	1.0628355542292	0.32
Uniq1189	2	0	0	5.5341428313998e-06	1	1	-0.796980756618519	0
Uniq399	27	2.31591161987753	43	7.9961594675872e-11	0.877492877492878	8	0.00955157326174479	0
Uniq145	29	4.65795797610278	75	8.30515092129982e-11	0.815270935960591	8	0.353408210684547	0
Uniq457	5	1023.7	10742	1.49193657190266e-11	0.3	7	1.79599826171897	0
Uniq3872	2	112.061210261317	1044	4.55946153689023e-06	0	5	-0.258198889747161	0
Uniq268	2	4	4	7.83758100938168e-159	0	12	0.707106781186548	0
Uniq396	1	0	0	4.46829846927307e-13	0	7	-1.01512945227594	0
Uniq1361	7	763.602923028272	7467	1.00234209404374e-05	0.428571428571429	1	-0.323861438201872	0.244897959183674
Uniq88	34	2.35797638113329	112	0.171419799023363	0.978609625668449	0	0.633074070599145	0
Uniq170	38	2365.88152308652	11193	0.163747189012442	0.698435277382646	0	0.702316547070926	0.149584487534626
Uniq217	36	4152.6375401605	19663	0.168274135989573	0.834920634920635	0	0.563831594127363	0.155864197530864
Uniq168	1	0	0	1.5552583704429e-190	0	18	0	0
Uniq978	2	35.0006451471931	260	1.55893043389507e-05	0	2	-0.192656597128616	0
Uniq76	34	2.35797638113329	112	0.171419799023363	0.978609625668449	0	0.633074070599145	0
Uniq759	2	298	792	4.59891054801107e-06	0	14	1	0
Uniq203	1	0	0	2.32510848737545e-07	0	1	-0.915260586222681	0
Uniq1206	9	5688.96174190355	49770	2.61449499292171e-05	0.111111111111111	1	-0.323861438201872	0.493827160493827
Uniq862	1	0	0	0.00505857628076556	0	0	-1.65192765296964	0
Uniq377	2	0	0	4.73248456206424e-13	1	7	-0.312347523777212	0
Uniq1127	2	58.3567531847989	601	2.63203917639581e-05	0	1	-0.796980756618519	0
Uniq190	1	0	0	1.5552583704429e-190	0	18	0	0
Uniq763	3	4543	53474	5.363984231185e-07	0	7	0.390434404721515	0
Uniq312	2	476.666666666663	8564	4.81297442354738e-10	0	7	-0.312347523777212	0
Uniq405	1	0	0	3.54898454460595e-132	0	9	-0.904534033733291	0
Uniq234	4	596	8608	9.07894459270611e-13	0.333333333333333	7	1.09321633322024	0
Uniq380	4	687.466666666662	12887	2.88741261051854e-11	0	7	1.09321633322024	0
Uniq1041	3	745.284482609152	4396	0.00015208201388138	0	5	0.774596669241483	0
Uniq596	1	0	0	3.92108638089767e-14	0	7	-1.01512945227594	0
Uniq90	5	24	25	1.05474729165063e-131	0.2	9	2.11057941204435	0
Uniq248	35	182.830803792945	994	0.171719453280029	0.92436974789916	0	0.633074070599145	0.0555102040816327
Uniq882	3	595	2913	1.55244039912106e-05	0	2	0.175142361026015	0
Uniq1244	18	5166.80332533928	45673	0.0164571050387657	0.372549019607843	1	0.385817539423099	0.512345679012346
Uniq512	6	21.4959938387647	1665	0.00037552022722592	0.866666666666667	6	-0.254000254000381	0
Uniq634	3	1470	7265	4.65469233804413e-07	0.333333333333333	2	0.175142361026015	0
Uniq1286	1	0	0	1.37511312290301e-07	0	14	-1	0
Uniq772	4	360.146378693395	8825	0.00634721463043535	0.166666666666667	6	-2.58233591567054	0.625
Uniq649	1	0	0	1.53835155825179e-157	0	13	-0.75	0
Uniq743	3	305	2915	9.30051648924757e-07	0	2	0.175142361026015	0
Uniq133	2	14	14	4.0684037884851e-132	0	9	-0.150755672288882	0
Uniq3827	3	149.10273214194	1564	0.000648231753816805	0	2	-0.192656597128616	0.444444444444444
Uniq949	1	0	0	2.8793605032061e-08	0	4	-0.88016069334606	0
Uniq161	17	0.634989847988941	15	5.12140606234704e-11	0.889705882352941	8	-1.70973161385227	0
Uniq502	3	298	1457	4.43421551634639e-10	0.333333333333333	2	0.175142361026015	0
Uniq606	1	0	0	8.63360774363583e-13	0	7	-1.01512945227594	0
Uniq156	34	2.35797638113329	112	0.171419799023363	0.978609625668449	0	0.633074070599145	0
Uniq1092	2	888	2370	0.00513464907704197	0	14	-1	0.5
Uniq2369	3	1337.01623873184	5774	2.23870587299332e-05	0	2	-0.192656597128616	0.444444444444444
Uniq1812	5	566.573241691257	4773	0.00146372182169661	0.3	4	1.0628355542292	0.32
Uniq138	2	6	6	9.77330366118231e-159	0	12	0.707106781186548	0
Uniq1218	1	0	0	1.54966444771035e-05	0	2	-0.560455555283247	0
Uniq423	3	303.266666666667	6452	1.311363059259e-12	0	7	0.390434404721515	0
Uniq801	1	0	0	0.000183442226153872	0	1	-0.915260586222681	0
Uniq294	3	2	8	6.51786262833176e-10	0.666666666666667	15	-0.779920420343618	0
Uniq996	2	58.3567531847989	601	2.63203917639581e-05	0	1	-0.796980756618519	0
Uniq328	2	8	8	1.54369801791737e-132	0	9	-0.150755672288882	0
Uniq1116	10	335.999154314711	3082	0.0258390511482366	0.333333333333333	0	-1.37495774708252	0.58
Uniq1190	1	0	0	7.19057895764828e-09	0	4	-0.88016069334606	0
Uniq2758	1	0	0	1.53835155825179e-157	0	13	-0.75	0
Uniq143	35	497.1393324226	1356	0.171569038654142	0.922689075630252	0	0.633074070599145	0.0555102040816327
Uniq174	34	2.35797638113329	112	0.171419799023363	0.978609625668449	0	0.633074070599145	0
Uniq266	17	0.315865615865616	8	5.22332287256657e-11	0.941176470588235	8	-1.70973161385227	0
Uniq792	3	2047	11604	1.55383717309627e-05	0	2	0.175142361026015	0
Uniq126	34	2.35797638113329	112	0.171419799023363	0.978609625668449	0	0.633074070599145	0
Uniq12	1	0	0	1.14794822202346e-137	0	16	-1.37281294596729	0
Uniq1734	2	594	1582	0.000153667858415821	0	14	1	0
Uniq229	5	0	0	1.49935045512984e-11	1	8	-3.77287143838908	0
Uniq790	1	0	0	7.19057895764828e-09	0	4	-0.88016069334606	0
Uniq1197	3	594	2102	5.53895552098557e-06	0.333333333333333	1	-0.678700927014357	0
Uniq226	33	97.8905468345697	796	0.163150517372838	0.9375	0	0.563831594127363	0
Uniq2237	2	51.6387743050067	407	0.00518739459766765	0	2	-0.560455555283247	0.5
Uniq1399	11	1950.39907899416	20471	0.000537334896391466	0.527272727272727	1	0.0309780506106139	0.297520661157025
Uniq2687	18	6998.16139899382	73741	0.000598347447749761	0.254901960784314	2	1.27853923548991	0.574074074074074
Uniq123	28	0.626785578772394	24	0.142576611827477	0.992063492063492	0	0.217619211768456	0
Uniq238	35	840.629897473855	5408	0.171897593902521	0.926050420168067	0	0.633074070599145	0.0555102040816327
Uniq227	40	2127.63278369339	11456	0.169178371059529	0.680769230769231	0	0.702316547070926	0.2275
Uniq3326	16	423.95928242695	7504	0.000682477693152346	0.675	1	0.858936857839747	0
Uniq64	34	2.35797638113329	112	0.171419799023363	0.978609625668449	0	0.633074070599145	0
Uniq1442	1	0	0	0.00505259991995875	0	0	-1.65192765296964	0
Uniq607	6	281.620634920635	5235	2.06139047486305e-07	0.666666666666667	15	0.445668811624925	0
Uniq92	34	2.35797638113329	112	0.171419799023363	0.978609625668449	0	0.633074070599145	0
Uniq2393	2	43.7380284043442	149	3.48793217883948e-05	0	2	-0.192656597128616	0
Uniq1060	2	263.366471261309	946	0.000198938870630975	0	2	-0.560455555283247	0.5
Uniq4129	1	0	0	4.95659307197008e-09	0	1	-0.915260586222681	0
Uniq1449	3	699.834946073171	2493	0.000185654624645742	0	2	-0.192656597128616	0.444444444444444
Uniq469	1	0	0	9.01145479126115e-158	0	13	-0.75	0
Uniq1604	6	0.425641025641026	3	8.19263926734928e-05	0.933333333333333	1	-0.323861438201872	0
Uniq106	34	2.35797638113329	112	0.171419799023363	0.978609625668449	0	0.633074070599145	0
Uniq1584	5	754.422373793465	11349	0.000213067173566625	0.6	1	-0.442141267806033	0
Uniq1395	16	472.662305506953	9188	0.000650665518119769	0.633333333333333	1	0.858936857839747	0
Uniq262	35	220.91481513532	2031	0.167850889180179	0.877310924369748	0	0.702316547070926	0
Uniq321	32	97.3582887700536	794	0.158307167757126	0.9375	0	0.494589117655582	0
Uniq4161	5	69.2564935064935	228	0.00018519870151178	0.4	1	-0.442141267806033	0
Uniq860	1	0	0	7.19057895764828e-09	0	4	-0.88016069334606	0
Uniq2250	5	653.964378970335	4854	5.785633913713e-05	0	4	1.71050097008763	0
Uniq837	9	41.8212143753783	2272	0.000558939180171061	0.722222222222222	6	1.14300114300172	0
Uniq105	34	2.35797638113329	112	0.171419799023363	0.978609625668449	0	0.633074070599145	0
Uniq2808	3	45.3609819274293	276	3.09890443868992e-06	0	2	0.175142361026015	0
Uniq751	1	0	0	5.38542118988959e-05	0	1	-0.915260586222681	0
Uniq179	33	0.726859735242546	27	0.167280409084593	0.988636363636364	0	0.563831594127363	0
Uniq1102	2	298	1052	1.65767657811012e-07	0	1	-0.796980756618519	0
Uniq1298	1	0	0	1.85617508984533e-05	0	1	-0.915260586222681	0
Uniq991	2	237.579709995886	517	1.08740024819218e-06	0	4	-0.232495277487639	0
Uniq644	1	0	0	1.6038766204177e-08	0	7	-1.01512945227594	0
Uniq1643	5	2.20771756978653	26	9.95533189949729e-06	0.9	1	-0.442141267806033	0
Uniq1397	2	0	0	4.43036615827622e-10	1	2	-0.192656597128616	0
Uniq767	2	298	4303	2.71711042781772e-14	0	7	-0.312347523777212	0
Uniq1333	1	0	0	1.25291597642024e-07	0	4	-0.88016069334606	0
Uniq151	1	0	0	5.19419243879157e-133	0	9	-0.904534033733291	0
Uniq466	1	0	0	1.5552583704429e-190	0	17	0	0
Uniq1658	4	192.075833314466	663	0.00533344207450147	0.5	1	-0.678700927014357	0.375
Uniq419	1	0	0	2.55034899159275e-132	0	9	-0.904534033733291	0
Uniq254	39	2539.45526946426	23243	0.16897849842145	0.711201079622132	0	0.771559023542707	0.145956607495069
Uniq1585	7	1272.69877074689	16887	0.000214969138484228	0.285714285714286	1	-0.20558160859771	0
Uniq438	9	1453.54047619048	17510	2.17375153123561e-07	0.333333333333333	15	1.67125804359347	0
Uniq899	2	0	0	1.92221384213712e-05	1	2	-0.192656597128616	0
Uniq693	11	298	3161	0.000620776797011715	0.818181818181818	1	0.267537709818938	0
Uniq2492	1	0	0	0.00513005028597174	0	0	-1.65192765296964	0
Uniq2749	3	1266.3776604652	8449	7.47193797559103e-05	0	1	-0.796980756618519	0.444444444444444
Uniq1755	7	1272.69877074689	16887	0.000214969138484228	0.285714285714286	1	-0.20558160859771	0
Uniq468	1	0	0	8.12438982376956e-16	0	7	-1.01512945227594	0
Uniq602	2	0	0	1.92099441785142e-07	1	15	-1.18845016433313	0
Uniq460	1	0	0	0.000160702040685492	0	1	-0.915260586222681	0
Uniq1669	4	3.99821428571429	28	0.000176897547960953	0.833333333333333	1	-0.560421097410195	0
Uniq4303	15	0.383176892144545	10	0.000901765071900914	0.980952380952381	1	0.740657028235585	0
Uniq2100	6	927.821646625086	11441	0.000201977677426552	0.266666666666667	1	-0.323861438201872	0
Uniq673	7	34.9109175963315	2194	0.000532257901831572	0.714285714285714	6	0.211666878333651	0
Uniq1334	6	0.425641025641026	3	8.19263926734928e-05	0.933333333333333	1	-0.323861438201872	0
Uniq577	8	40.4124842166482	2263	0.00054758432054414	0.714285714285714	6	0.677334010667683	0
Uniq624	7	26.7858693723902	1729	0.000391105316805255	0.80952380952381	6	0.211666878333651	0
Uniq1202	1	0	0	6.79775439098245e-06	0	1	-0.915260586222681	0
Uniq343	3	28.8333333333333	56	2.49147195122319e-08	0.333333333333333	3	-0.457905469889625	0
Uniq1465	4	511.775951068877	2311	0.0103212524712517	0.166666666666667	2	-0.192656597128616	0.5
Uniq1259	14	158.031625656692	5397	0.000594241020162903	0.725274725274725	1	0.622377198631423	0
Uniq536	3	3993.86666666667	49232	1.60675753042016e-08	0	7	0.390434404721515	0
Uniq867	4	703.695238095238	10462	1.92524825657226e-07	0.333333333333333	15	-0.371390676354104	0
Uniq908	4	2852.16666666667	29295	7.84030376167453e-07	0.5	3	-0.457905469889625	0.375
Uniq1028	1	0	0	1.32586791646668e-11	0	2	-0.560455555283247	0
Uniq1522	2	0	0	0.00548165215365851	1	0	-1.58268517649786	0
Uniq1195	11	1505.16897497147	26694	0.0104130510635719	0.327272727272727	6	0.677334010667683	0.429752066115702
Uniq1295	6	253.450889340861	2833	2.15196827803568e-05	0.4	1	-0.323861438201872	0
Uniq317	5	2.33333333333333	7	1.62631885291855e-09	0.6	3	0.598799460624895	0
Uniq1697	8	1677.59510700094	17059	0.000259829126701333	0.357142857142857	1	-0.0873017789935479	0
Uniq2638	1	0	0	2.78093303634081e-08	0	2	-0.560455555283247	0
Uniq953	2	574.658751452986	1752	0.000167499795076475	0	1	-0.796980756618519	0
Uniq2065	2	2.5	5	4.04028219565778e-07	0	5	-0.258198889747161	0
Uniq1506	3	669.171280583585	2979	0.00016351607323223	0	5	-0.258198889747161	0.444444444444444
Uniq2632	4	49.697904952335	654	0.00146199186825742	0.5	4	0.415170138370783	0.375
Uniq639	8	497.052105389827	3227	0.000552137229029627	0.642857142857143	6	0.211666878333651	0.21875
Uniq1877	4	788.69469250148	3769	0.000459770028997305	0	4	1.0628355542292	0
Uniq1282	3	227.936408786303	1706	8.95280599738041e-06	0	5	0.774596669241483	0
Uniq3108	7	1172.8716429783	10647	0.0116356778949632	0.238095238095238	4	-0.232495277487639	0.653061224489796
Uniq1114	1	0	0	6.79775439098245e-06	0	1	-0.915260586222681	0
Uniq242	41	5042.88421086649	25186	0.172838322439965	0.674390243902439	0	0.771559023542707	0.223676383105294
Uniq583	6	864.083333333333	8394	2.50918364998526e-08	0.533333333333333	3	1.12715192588215	0
Uniq2461	1	0	0	4.35127783650516e-07	0	4	-0.88016069334606	0
Uniq1610	2	0	0	1.07223631103357e-05	1	1	-0.796980756618519	0
Uniq2188	5	346.295900820791	2298	0.00534155392535783	0.3	4	1.0628355542292	0.32
Uniq369	37	528.844695217852	2414	0.172315176577465	0.83033033033033	0	0.840801500014489	0
Uniq2291	5	0	0	0.000226889011835056	1	1	-0.442141267806033	0
Uniq207	6	302.497619047619	7030	1.33368958555747e-08	0.266666666666667	15	0.445668811624925	0
Uniq214	8	622.992063492062	8802	7.37589286424588e-09	0.214285714285714	15	1.26272829960395	0
Uniq994	1	0	0	1.94554489209175e-05	0	1	-0.915260586222681	0
Uniq2480	2	298	1313	2.72008574896159e-08	0	4	-0.232495277487639	0
Uniq765	7	449.016666666668	6988	2.12126652189986e-07	0.619047619047619	15	0.854198555614439	0
Uniq272	7	5.57558981933981	66	0.000104683769442547	0.80952380952381	6	0.211666878333651	0
Uniq610	9	5860.10079365079	67894	6.20166227577598e-06	0.333333333333333	15	1.26272829960395	0.197530864197531
Uniq1922	20	10802.393704069	123718	0.00646773009883217	0.310526315789474	1	1.09549651704807	0.185
Uniq945	1	0	0	1.54966444771035e-05	0	2	-0.560455555283247	0
Uniq3998	4	3.99821428571429	28	0.000176897547960953	0.833333333333333	1	-0.560421097410195	0
Uniq874	1	0	0	0.0048961793472341	0	0	-1.65192765296964	0
Uniq865	4	562.942511382276	3121	0.000138016130217924	0.5	1	-0.678700927014357	0.375
Uniq440	7	731.502380952379	12226	2.06529077129084e-07	0.523809523809524	15	0.854198555614439	0
Uniq2349	6	47.5724676586268	220	7.77124993504848e-05	0.666666666666667	1	-0.323861438201872	0
Uniq324	2	0	0	2.45611583547415e-10	1	15	-1.18845016433313	0
Uniq222	4	143.538095238095	3496	6.40105104688044e-09	0.5	15	-0.371390676354104	0
Uniq1605	2	43.0738552082592	270	0.000156718318841248	0	5	-0.258198889747161	0
Uniq352	4	8.5	21	1.57467985062046e-09	0.333333333333333	3	0.0704469953676346	0
Uniq904	4	1305.00963359343	6806	0.00507269894049574	0	5	0.774596669241483	0.375
Uniq305	8	41.4783572325212	2270	0.000543486274007613	0.714285714285714	6	0.677334010667683	0
Uniq1307	3	192.372011436009	1545	2.03835078555579e-06	0	4	-0.232495277487639	0.444444444444444
Uniq530	1	0	0	7.23171718447999e-10	0	3	-1.51461040040415	0
Uniq311	7	499.588095238094	7058	1.35840534556083e-08	0.142857142857143	15	0.854198555614439	0
Uniq4180	5	45.1085610032935	479	0.00607838403775601	0.6	4	0.415170138370783	0.48
Uniq1428	3	818.350518107231	3199	4.42114861626535e-05	0	1	-0.796980756618519	0.444444444444444
Uniq1493	5	2.20771756978653	26	9.95533189949729e-06	0.9	1	-0.442141267806033	0
Uniq952	1	0	0	7.81756100058462e-07	0	1	-0.915260586222681	0
Uniq4360	3	584.471970385666	3630	0.00996252677964805	0.333333333333333	4	-0.88016069334606	0.444444444444444
Uniq559	1	0	0	3.17243983951895e-132	0	9	-0.904534033733291	0
Uniq567	2	0	0	7.98612284363506e-10	1	3	-0.986257935146885	0
Uniq1012	5	280.237614352963	4686	0.00523326356829317	0.5	6	-1.18533451866845	0.32
Uniq1185	5	938.006592868723	5367	0.000176949857222331	0.1	5	1.80739222823013	0.32
Uniq2095	5	461.782790952712	1465	0.000326980054959696	0.3	1	-0.442141267806033	0
Uniq1759	5	538.602563375323	3153	4.45152641902496e-05	0.3	2	0.910740277335276	0
Uniq1328	1	0	0	5.23123888095656e-07	0	4	-0.88016069334606	0
Uniq103	28	1046.09110886062	20195	0.00194127510903802	0.613756613756614	1	2.16001498348553	0.068877551020408
Uniq63	21	48.6334203848688	891	0.00117249573193483	0.771428571428571	1	1.45033600586056	0
Uniq793	1	0	0	4.64192800244702e-07	0	2	-0.560455555283247	0
Uniq671	3	856	6278	7.83224242947735e-07	0.333333333333333	3	-0.986257935146885	0.444444444444444
Uniq384	6	8.94603174603175	34	2.61601040648265e-08	0.466666666666667	15	0.445668811624925	0
Uniq1707	1	0	0	6.79775439098245e-06	0	1	-0.915260586222681	0
Uniq572	5	6379.50474403682	71549	0.000205765811019563	0.1	1	-0.560421097410195	0.32
Uniq1708	1	0	0	7.46771008315888e-07	0	2	-0.560455555283247	0
Uniq121	21	237.621293815666	5083	0.00180394766558781	0.785714285714286	1	1.45033600586056	0
Uniq1415	8	846.552211990478	8058	3.16172704998008e-05	0.25	1	-0.0873017789935479	0
Uniq2463	1	0	0	1.78910943986954e-05	0	2	-0.560455555283247	0
Uniq2261	3	5	5	2.17555763737747e-157	0	13	1.75	0
Uniq116	25	341.491567029427	7286	0.00125397938558875	0.673333333333333	1	1.80517549467304	0.0768
Uniq592	2	0	0	1.92099441785142e-07	1	15	-1.18845016433313	0
Uniq1246	21	8517.96301773507	48203	0.000518267774174643	0.00952380952380952	2	5.69212673334548	0.253968253968254
Uniq3	1	0	0	1.5552583704429e-190	0	21	0	0
Uniq540	3	1.91666666666667	8	8.37164443040421e-10	0.333333333333333	15	-0.779920420343618	0
Uniq629	1	0	0	4.06174679285761e-10	0	15	-1.59697990832265	0
Uniq448	1	0	0	2.50661529532564e-11	0	15	-1.59697990832265	0
Uniq372	8	87.9253968253968	1807	2.22886616810214e-07	0.5	15	1.26272829960395	0
Uniq1474	6	2195.5072581785	9964	3.21766373082593e-05	0.0666666666666667	4	1.0628355542292	0.5
Uniq45	26	710.340528044476	14067	0.0017269470767969	0.636923076923077	1	1.9234553242772	0.0739644970414202
Uniq1377	2	0	0	0.00019954316800629	1	1	-0.796980756618519	0
Uniq22	1	0	0	1.33980377913967e-130	0	10	-1.06066017177982	0
Uniq756	3	298	2114	2.41856614456028e-08	0.333333333333333	3	-0.457905469889625	0
Uniq481	7	724.25	8395	2.51340061269883e-08	0.380952380952381	3	1.65550439113941	0
Uniq614	5	299.5	2123	8.96017408403682e-10	0.3	3	0.598799460624895	0
Uniq1104	3	341.65562651706	1897	2.49749130445541e-05	0	2	0.175142361026015	0
Uniq1279	1	0	0	7.81756100058462e-07	0	1	-0.915260586222681	0
Uniq628	4	1.58333333333333	7	1.62187392826273e-09	0.666666666666667	3	0.0704469953676346	0
Uniq1470	1	0	0	2.67916778067866e-11	0	3	-1.51461040040415	0
Uniq732	1	0	0	1.78910943986954e-05	0	2	-0.560455555283247	0
Uniq333	7	467	6357	2.58347534981406e-08	0.333333333333333	3	1.65550439113941	0
Uniq2271	10	2487.5250793487	7210	0.00537449826989645	0.111111111111111	1	-0.20558160859771	0.48
Uniq196	20	783.928859849593	13126	0.0017538924832007	0.757894736842105	1	1.33205617625639	0
Uniq1340	4	287.176466483909	1458	0.000316243217420475	0	2	0.542941319180646	0
Uniq2960	1	0	0	5.29095028533389e-06	0	5	-1.29099444873581	0
Uniq79	27	998.614473187639	19044	0.00192402266301242	0.632478632478632	1	2.04173515388136	0.0713305898491086
Uniq49	1	0	0	1.5552583704429e-190	0	20	0	0
Uniq10	1	0	0	3.63126302533789e-145	0	11	-1.22474487139159	0
Uniq1	2	0	0	7.38700051483278e-145	1	11	0	0
Uniq35	1	0	0	1.97070022941768e-145	0	11	-1.22474487139159	0
Uniq3554	7	1845.10408156903	9703	1.4552357334344e-05	0	4	3.00583180180447	0
Uniq1715	6	1218.55845128554	7134	2.40480792917045e-07	0	4	1.71050097008763	0.277777777777778
Uniq4	3	0.5	1	2.77139216651112e-137	0.666666666666667	16	0.588348405414552	0
Uniq61	1	0	0	1.5552583704429e-190	0	19	0	0
Uniq19	3	4	4	8.47609608391587e-145	0.333333333333333	11	1.22474487139159	0
Uniq2	4	3.5	4	3.08286538267533e-137	0.333333333333333	16	1.56892908110547	0
Uniq18	2	0	0	6.20107681781405e-130	1	10	-0.353553390593274	0
Uniq9	3	6	6	8.76664444431468e-145	0.333333333333333	11	1.22474487139159	0
Uniq43	1	0	0	1.5552583704429e-190	0	20	0	0
Uniq16	2	0	0	2.17991501757499e-137	1	16	-0.392232270276368	0
Uniq6	2	6	6	4.13315501228762e-130	0	10	-0.353553390593274	0
Uniq14	2	0	0	2.17991501757499e-137	1	16	-0.392232270276368	0
Uniq24	6	16.5	17	1.14105486393076e-129	0.2	10	2.47487373415292	0
Uniq25	2	0	0	5.4729587914273e-130	1	10	-0.353553390593274	0
Uniq28	1	0	0	1.5552583704429e-190	0	19	0	0
Uniq60	2	4	4	4.60000952301852e-145	0	11	0	0
Uniq41	2	0	0	5.4729587914273e-130	1	10	-0.353553390593274	0
Uniq8	3	0.5	1	7.71912701184374e-130	0.666666666666667	10	0.353553390593274	0
Uniq7	2	0	0	6.20107681781405e-130	1	10	-0.353553390593274	0
Uniq5	1	0	0	1.5552583704429e-190	0	21	0	0
Uniq2564	2	0.5	1	2.60679897064732e-08	0	4	-0.232495277487639	0
Uniq3242	4	594.176470588235	4838	0.0149810686859484	0.333333333333333	0	-1.4442002235543	0
Uniq4178	4	1	2	0.0149316358784524	0.666666666666667	0	-1.4442002235543	0
Uniq72	28	1046.09110886062	20195	0.00194127510903802	0.613756613756614	1	2.16001498348553	0.068877551020408
Uniq30	21	542.00625699852	6935	0.00175703434486781	0.70952380952381	1	1.45033600586056	0
Uniq71	20	225.983077470403	2175	0.00158999545033986	0.752631578947368	1	1.33205617625639	0
Uniq2268	4	690.144366498836	2651	4.19023599132436e-06	0	4	0.415170138370783	0.375
Uniq65	22	2875.94915801798	38931	0.00684495213348677	0.623376623376623	1	1.33205617625639	0.169421487603306
Uniq124	28	1046.09110886062	20195	0.00194127510903802	0.613756613756614	1	2.16001498348553	0.068877551020408
Uniq1000	4	584.900492476512	8635	0.00567880084766433	0.166666666666667	1	-0.796980756618519	0.625
Uniq455	5	149.58253968254	3522	1.38768483689498e-08	0.2	15	0.0371390676354103	0
Uniq97	26	829.282015218192	16574	0.00144175532271216	0.652307692307692	1	1.9234553242772	0.0739644970414202
Uniq129	22	1410.24578788474	14054	0.00180109329939195	0.696969696969697	1	1.56861583546472	0
Uniq99	29	5320.09055686214	35383	0.00613501809239279	0.463054187192118	1	1.9234553242772	0.249702734839477
Uniq748	1	0	0	0.000492081349866377	0	1	-0.915260586222681	0
Uniq69	27	751.015631779807	8887	0.0012645735823105	0.592592592592593	1	2.04173515388136	0.0713305898491086
Uniq993	1	0	0	6.15257165852362e-06	0	1	-0.915260586222681	0
Uniq845	5	5.58333333333333	18	1.64666347031819e-09	0.6	3	0.598799460624895	0
Uniq3131	1	0	0	1.34059681429374e-05	0	0	-1.65192765296964	0
Uniq2855	2	298	2123	7.77606276150358e-06	0	1	-0.796980756618519	0
Uniq3331	1	0	0	8.13328628545777e-10	0	4	-0.88016069334606	0
Uniq2662	3	766.213136438466	2707	0.000146930444076777	0	5	0.774596669241483	0
Uniq4502	2	298	829	4.3972758913589e-06	0	5	-0.258198889747161	0
Uniq2045	1	0	0	5.36852337991085e-06	0	1	-0.915260586222681	0
Uniq2935	1	0	0	1.3148226563893e-07	0	5	-1.29099444873581	0
Uniq3567	4	1343.63853900433	6290	9.08888632180706e-07	0	4	0.415170138370783	0.375
Uniq2016	1	0	0	4.6377741239603e-07	0	2	-0.560455555283247	0
Uniq2239	2	397.501034478751	2120	3.4367117233862e-08	0	4	-0.232495277487639	0
Uniq3586	2	0	0	0.01030979487303	1	0	-1.58268517649786	0
Uniq3090	16	149.787238371695	1653	0.0010396284693442	0.858333333333333	1	0.740657028235585	0.1171875
Uniq1876	3	8.94444444444444	22	0.0104893434088451	0.666666666666667	0	-1.51344270002608	0
Uniq1903	2	176.90124431478	2232	3.06899336666305e-07	0	1	-0.915260586222681	0.5
Uniq3272	2	148.5	1374	4.35907238574869e-07	0	4	-0.232495277487639	0
Uniq2441	1	0	0	2.2963162434954e-07	0	4	-0.88016069334606	0
Uniq2544	1	0	0	2.8793605032061e-08	0	4	-0.88016069334606	0
Uniq2203	3	339.768979529091	777	0.00514039054585244	0.333333333333333	5	-0.258198889747161	0.444444444444444
Uniq4410	2	0	0	0.00559883794959327	1	0	-1.58268517649786	0
Uniq2914	1	0	0	0.000308614172201099	0	2	-0.560455555283247	0
Uniq4107	2	29.337723723605	205	2.90580035609891e-07	0	4	-0.232495277487639	0
Uniq3568	2	148.5	1374	4.35907238574869e-07	0	4	-0.232495277487639	0
Uniq2926	15	5424.13639812664	28993	0.000227343218901727	0.0571428571428571	1	0.504097369027261	0.24
Uniq3629	1	0	0	5.29095028533389e-06	0	5	-1.29099444873581	0
Uniq3500	2	298	2417	0.00044834746517944	0	0	-1.58268517649786	0
Uniq3826	4	276.624976828684	1433	0.000168568251137399	0.166666666666667	5	1.80739222823013	0
Uniq1735	6	1820.59877240428	9192	7.67977035335514e-06	0	4	2.35816638594605	0
