Name	"node.degree"	"node.betw"	"node.stress"	"node.evcent"	"Clustering.Coefficient"	No. module	Zi	Pi
Uniq95	32	48.3006455124107	5718	1.26134765492657e-08	0.798387096774194	7	0.840544993345015	0
Uniq233	32	0.745682033810592	24	0.160140988097796	0.951612903225806	3	-1.46059348668071	0
Uniq407	28	94.8218596461073	7325	0.000987078447242255	0.613756613756614	8	1.48754655152217	0.068877551020408
Uniq983	30	214.55731038054	19401	0.00178338628165992	0.928735632183908	2	1.06039451818988	0
Uniq62	34	0.906794462653096	29	0.169488038580241	0.948306595365419	3	0.730296743340352	0
Uniq236	32	0.779956227358979	25	0.160153916969058	0.949596774193548	3	-1.46059348668071	0
Uniq119	34	0.84144816284285	27	0.169771439311979	0.951871657754011	3	0.730296743340352	0
Uniq298	29	213.423244446474	19385	0.00175208377960934	0.960591133004926	2	0.990041420348439	0
Uniq591	30	214.55731038054	19401	0.00178338628165992	0.928735632183908	2	1.06039451818988	0
Uniq397	21	24.6856349586049	146	0.000466291321573134	0.676190476190476	8	0.736822123651168	0
Uniq459	5	141.976190476192	4891	1.27179096044056e-05	0.6	6	0.154906688920402	0
Uniq140	5	1036.78390404604	23528	0.000406956310921177	0.5	4	-0.536773746702582	0.32
Uniq1177	4	0	0	0.000455621439907969	1	8	-1.51535115996184	0.375
Uniq666	29	196.94637042781	18124	0.0017248644862854	0.899014778325123	2	0.990041420348439	0
Uniq53	34	0.906794462653096	29	0.169488038580241	0.948306595365419	3	0.730296743340352	0
Uniq1240	8	2.11802688742724	38	2.17296848381216e-06	0.75	1	-0.679100992292394	0
Uniq180	33	0.776870938991432	25	0.165109368428016	0.952651515151515	3	-0.36514837167018	0
Uniq59	33	0.811206227358979	26	0.164828666089541	0.950757575757576	3	-0.36514837167018	0
Uniq534	5	5.11666666666667	15	5.47967671105031e-07	0.5	6	0.154906688920402	0
Uniq142	7	469.294629422827	4438	3.15285887598986e-06	0.476190476190476	4	0.167741795844557	0
Uniq160	35	645.541586927023	15467	0.170084627917519	0.899159663865546	3	0.730296743340352	0.0555102040816327
Uniq475	30	214.55731038054	19401	0.00178338628165992	0.928735632183908	2	1.06039451818988	0
Uniq538	22	49.1093933630546	4839	0.000883295521017674	0.744588744588745	8	0.736822123651168	0.0867768595041321
Uniq58	33	0.811206227358979	26	0.164828666089541	0.950757575757576	3	-0.36514837167018	0
Uniq131	33	0.811145132539819	26	0.164837045870857	0.950757575757576	3	-0.36514837167018	0
Uniq101	35	642.979139619281	15464	0.170508533644202	0.904201680672269	3	0.730296743340352	0.0555102040816327
Uniq900	3	0	0	6.81233868401876e-05	1	8	-1.51535115996184	0
Uniq303	33	0.776870938991432	25	0.165109368428016	0.952651515151515	3	-0.36514837167018	0
Uniq1021	23	1621.47305144595	97849	1.05840154633909e-05	0.343873517786561	1	1.04136389620757	0
Uniq2053	3	0	0	0.000148195199895207	1	2	-0.83913912352911	0
Uniq1909	2	12	12	1.13222121442341e-164	0	5	0	0
Uniq2695	9	7348.28118983485	205719	0.000389630429921625	0.305555555555556	1	-0.679100992292394	0.197530864197531
Uniq1749	2	0	0	8.25304413336539e-05	1	2	-0.909492221370554	0
Uniq107	33	0.875600166752918	28	0.164549222118666	0.946969696969697	3	-0.36514837167018	0
Uniq650	29	213.423244446474	19385	0.00175208377960934	0.960591133004926	2	0.990041420348439	0
Uniq611	12	1.64608068368268	34	3.93664733390262e-06	0.818181818181818	1	-0.220310355359071	0
Uniq220	34	0.875600166752918	28	0.169631710223167	0.950089126559715	3	0.730296743340352	0
Uniq113	34	0.873645132539819	28	0.169623337344427	0.950089126559715	3	0.730296743340352	0
Uniq1498	2	2609.39061080982	87155	0.000383510084074105	0	0	-0.847480148444858	0.5
Uniq109	34	0.906794462653096	29	0.169470683618601	0.948306595365419	3	0.730296743340352	0
Uniq645	25	58.9321331580622	3728	7.25990056290319e-06	0.633333333333333	1	1.27075921467423	0
Uniq112	32	75.6979582354023	16671	1.26766627812367e-08	0.828629032258065	7	0.840544993345015	0
Uniq2176	1	0	0	7.67810754227938e-218	0	9	0	0
Uniq178	33	0.779956227358979	25	0.165100645780074	0.952651515151515	3	-0.36514837167018	0
Uniq241	34	0.875600166752918	28	0.169631710223167	0.950089126559715	3	0.730296743340352	0
Uniq115	31	0.776870938991432	25	0.154898618189034	0.946236559139785	3	-2.55603860169124	0
Uniq231	8	1432.85952380951	12242	1.27451047662341e-05	0.321428571428571	6	1.28351256534047	0
Uniq1139	22	81.979775854648	3622	6.02881189803501e-06	0.731601731601732	1	0.926666236974237	0
Uniq193	26	129.508331944344	9660	0.00094756072504159	0.683076923076923	8	1.23730507556517	0.0739644970414202
Uniq213	11	378.537586977038	11532	1.5233705478564e-05	0.436363636363636	4	1.10709585257408	0
Uniq187	22	37.2678519464605	5550	9.31971453483373e-09	0.891774891774892	7	-0.210136248336254	0
Uniq656	12	68.7202428932769	4787	0.00063433412282852	0.772727272727273	8	-0.514385256133834	0.152777777777778
Uniq243	33	0.875600166752918	28	0.164549222118666	0.946969696969697	3	-0.36514837167018	0
Uniq255	10	26.8833333333333	58	2.71575405031289e-06	0.333333333333333	6	2.03591648295385	0
Uniq82	12	1352.35290705992	20040	1.46136912163308e-05	0.348484848484849	4	1.34193436675645	0
Uniq269	32	15328.3824297004	560853	7.78003234820692e-08	0.778225806451613	7	0.735476869176888	0.060546875
Uniq3314	1	0	0	7.67810754227938e-218	0	10	0	0
Uniq1077	32	649.339804188123	32819	8.0890405755561e-06	0.487903225806452	1	2.07364282930754	0
Uniq239	30	45.6464206258182	5690	1.20012747045961e-08	0.816091954022989	7	0.630408745008761	0
Uniq66	10	366.632134418538	11853	1.44458203029717e-05	0.533333333333333	4	0.872257338391696	0
Uniq192	32	0.745682033810592	24	0.160140988097796	0.951612903225806	3	-1.46059348668071	0
Uniq159	30	45.6464206258182	5690	1.20012747045961e-08	0.816091954022989	7	0.630408745008761	0
Uniq525	30	143.209691516457	24978	0.00139242108402227	0.871264367816092	2	1.06039451818988	0
Uniq300	8	768.33571428572	19556	2.39363882767354e-05	0.285714285714286	6	1.28351256534047	0
Uniq483	3	1126.6710982244	26052	0.000382873976484637	0.333333333333333	4	-1.00645077506734	0.444444444444444
Uniq1655	4	197.184849697515	1394	0.000448920160623211	0.5	2	-0.768786025687666	0
Uniq118	31	51.6616572594895	11125	1.24871717682332e-08	0.845161290322581	7	0.735476869176888	0
Uniq1675	14	955.409109612902	35258	1.57810250360474e-05	0.637362637362637	1	0.00908496310759056	0
Uniq864	15	96.6905622698478	7178	0.000691283300581113	0.752380952380952	8	-0.139023042198333	0.124444444444444
Uniq200	31	8.38242970044447	159	1.25149643785376e-08	0.83010752688172	7	0.735476869176888	0
Uniq128	33	0.811206227358979	26	0.164828666089541	0.950757575757576	3	-0.36514837167018	0
Uniq230	3	0	0	1.3677329061519e-06	1	4	-0.771612260884961	0
Uniq2502	1	0	0	0.000381270198479175	0	2	-0.979845319211998	0
Uniq153	15	299.996040932415	15299	1.22354355343334e-06	0.714285714285714	1	0.123782622340921	0
Uniq210	34	628.537316700692	15261	0.165697482465782	0.901960784313726	3	-0.36514837167018	0.0570934256055364
Uniq620	33	0.779956227358979	25	0.165100645780074	0.952651515151515	3	-0.36514837167018	0
Uniq3094	1	0	0	7.67810754227938e-218	0	11	0	0
Uniq1066	26	776.576597062934	26991	8.82440092699985e-05	0.578461538461538	0	2.25305698001194	0
Uniq96	33	0.776932033810592	25	0.164961177250362	0.952651515151515	3	-0.36514837167018	0
Uniq2306	1	0	0	1.34056086522653e-05	0	0	-0.847480148444858	0
Uniq489	1	0	0	7.07133970947618e-07	0	6	-1.34990114630636	0
Uniq521	12	68.7625007119553	1356	4.82909517042781e-06	0.636363636363636	1	-0.220310355359071	0
Uniq147	11	0	0	3.38627972457844e-09	1	7	-1.36588561418565	0
Uniq87	34	0.84144816284285	27	0.169771439311979	0.951871657754011	3	0.730296743340352	0
Uniq184	34	0.875600166752918	28	0.169631710223167	0.950089126559715	3	0.730296743340352	0
Uniq166	32	50.5518670597288	11162	1.27379039042794e-08	0.826612903225806	7	0.840544993345015	0
Uniq163	27	136.32338603881	9686	0.000958197925925756	0.641025641025641	8	1.36242581354367	0.0713305898491086
Uniq91	12	574.900620651074	11882	1.60306651340956e-05	0.484848484848485	4	1.34193436675645	0
Uniq299	28	1.60975523184826	33	0.00136228838125618	0.94973544973545	2	0.919688322506995	0
Uniq48	31	75.5044625809967	16664	1.23140781186781e-08	0.823655913978495	7	0.735476869176888	0
Uniq425	14	356.735795141328	24793	1.41723893827543e-06	0.615384615384615	1	0.00908496310759056	0
Uniq771	7	211.285714285714	11621	7.01168148157139e-06	0.666666666666667	0	-0.103351237615227	0
Uniq1372	1	0	0	1.13371263856345e-06	0	1	-1.48198460692571	0
Uniq385	1	0	0	4.06428881475432e-07	0	4	-1.24128928924972	0
Uniq114	12	864.63618695165	18544	2.74862511197197e-05	0.409090909090909	4	1.34193436675645	0
Uniq356	35	5932.13747201044	72876	0.170282628102681	0.900840336134454	3	0.730296743340352	0.0555102040816327
Uniq1098	2	422	6717	1.25325420714649e-06	0	1	-1.36728694769238	0
Uniq698	10	1.69560994560995	11	0.0002174822975427	0.755555555555556	8	-0.639505994112334	0
Uniq110	32	0.779956227358979	25	0.160153916969058	0.949596774193548	3	-1.46059348668071	0
Uniq375	35	0.936206227358979	30	0.174418496139985	0.949579831932773	3	1.82574185835088	0
Uniq623	21	124.772513515511	9601	0.000834556532756082	0.738095238095238	8	0.611701385672668	0.090702947845805
Uniq3716	1	0	0	7.67810754227938e-218	0	11	0	0
Uniq2810	4	630.5	4946	0.000394130584890842	0.333333333333333	2	-0.768786025687666	0
Uniq595	31	217.170713762269	19441	0.00181017157956162	0.890322580645161	2	1.13074761603133	0
Uniq1097	1	0	0	0.000381270198479175	0	2	-0.979845319211998	0
Uniq1720	1	0	0	0.000381270198479175	0	2	-0.979845319211998	0
Uniq1316	21	2403.93159591778	54966	1.74586840509598e-05	0.647619047619048	1	0.811968577740906	0
Uniq1572	1	0	0	2.23988559492935e-06	0	0	-0.847480148444858	0
Uniq212	4	422	2935	1.35648573550105e-05	0.5	4	-0.536773746702582	0
Uniq265	3	1433.70239092542	12121	2.77220516846341e-06	0.333333333333333	4	-1.00645077506734	0.444444444444444
Uniq165	31	74.1987389704418	16637	1.24055398662875e-08	0.845161290322581	7	0.735476869176888	0
Uniq739	8	31.3636680175949	1201	1.29735530523452e-05	0.678571428571429	0	0.0206702475230453	0
Uniq1055	1	0	0	7.67810754227938e-218	0	9	0	0
Uniq823	3	1260	61347	4.71158462613702e-08	0.333333333333333	1	-1.25258928845905	0
Uniq404	22	86.6255039266063	7254	0.000853163828341267	0.649350649350649	8	0.736822123651168	0.0867768595041321
Uniq410	18	3.18748587974931	39	0.000430897666528656	0.830065359477124	8	0.361459909715667	0
Uniq962	15	107.041047739085	10329	0.00107604610132431	0.952380952380952	2	0.00509805056822056	0
Uniq244	34	0.875600166752918	28	0.169631710223167	0.950089126559715	3	0.730296743340352	0
Uniq832	32	264.330667704321	19568	0.00182323080086916	0.836693548387097	2	1.20110071387277	0
Uniq570	29	213.423244446474	19385	0.00175208377960934	0.960591133004926	2	0.990041420348439	0
Uniq861	24	561.318489535335	13376	1.18423844042625e-05	0.5	1	1.1560615554409	0
Uniq3015	5	46.5833333333333	388	0.000638552289874796	0.6	0	-0.35139420789177	0
Uniq172	2	0	0	0.000393463382225192	1	4	-1.24128928924972	0.5
Uniq558	32	1029.93207157822	26736	0.00180305635282723	0.82258064516129	2	1.20110071387277	0
Uniq803	14	1.89344209711857	24	4.67561556677952e-06	0.846153846153846	1	0.00908496310759056	0
Uniq399	36	662.445406489218	15670	0.175014580616257	0.901587301587302	3	1.82574185835088	0.0540123456790125
Uniq145	33	0.776932033810592	25	0.164961177250362	0.952651515151515	3	-0.36514837167018	0
Uniq812	18	16.7918498878028	1181	5.39647196910371e-06	0.843137254901961	1	0.467875600040914	0
Uniq457	22	72.937875480874	7207	0.000884084925128616	0.800865800865801	8	0.736822123651168	0.0867768595041321
Uniq1521	1	0	0	0.000381270198479175	0	2	-0.979845319211998	0
Uniq344	29	10.5156981499285	122	0.00138839405690583	0.926108374384236	2	0.990041420348439	0
Uniq268	2	0	0	5.33611802184668e-07	1	4	-1.00645077506734	0
Uniq396	22	71.6513468255954	7205	0.000881985941152234	0.787878787878788	8	0.736822123651168	0.0867768595041321
Uniq979	6	5.03333333333333	17	1.95001730393142e-06	0.533333333333333	6	0.531108647727091	0
Uniq653	27	186.7883034863	3850	7.42632204748638e-06	0.527065527065527	1	1.50015453314089	0
Uniq1361	23	355.117302318265	24105	9.08449108583042e-05	0.715415019762846	0	1.88099252459712	0
Uniq88	24	38.2147959989919	5568	1.00248352437654e-08	0.873188405797101	7	0	0
Uniq170	28	492.104760482116	22187	1.12300994250052e-08	0.849206349206349	7	0.420272496672508	0
Uniq217	27	70.1047604821158	16541	1.12203104304022e-08	0.914529914529915	7	0.315204372504381	0
Uniq320	3	0.25	2	1.03747114090171e-06	0.666666666666667	4	-0.771612260884961	0
Uniq168	2	702.545079974237	13820	0.000381726629219033	0	4	-1.24128928924972	0.5
Uniq978	20	64.14609766748	1289	5.00891542114208e-06	0.715789473684211	1	0.697270918507575	0
Uniq462	15	133.950537826165	4310	6.03271443399133e-06	0.419047619047619	1	0.123782622340921	0
Uniq1981	3	139.830592487315	5648	5.42875537413024e-10	0.333333333333333	7	-2.20643060753067	0
Uniq76	18	36.0292206413899	5523	7.8606465935677e-09	0.92156862745098	7	-0.630408745008761	0
Uniq759	33	1491.55572653436	33638	2.76419922938233e-05	0.475378787878788	1	2.07364282930754	0.0587695133149677
Uniq203	3	0	0	1.02129255452954e-06	1	4	-0.771612260884961	0
Uniq862	32	305.290832424255	20769	0.00182130807160262	0.848790322580645	2	1.20110071387277	0
Uniq429	24	339.311260656032	12067	0.000875152336839403	0.630434782608696	8	0.987063599608168	0.0798611111111109
Uniq807	29	213.423244446474	19385	0.00175208377960934	0.960591133004926	2	0.990041420348439	0
Uniq377	3	0.111111111111111	1	5.58448279735331e-05	0.666666666666667	8	-1.51535115996184	0
Uniq1063	1	0	0	0.000381270198479175	0	2	-0.979845319211998	0
Uniq190	8	4.79789377289377	24	2.86956745926036e-06	0.714285714285714	4	0.402580310026937	0
Uniq763	6	48.9762656968539	2389	0.000486952222085066	0.733333333333333	8	-1.26510968400484	0.277777777777778
Uniq312	24	77.9049640417123	7239	0.000910423108228233	0.695652173913043	8	0.987063599608168	0.0798611111111109
Uniq640	31	17.6148550628248	152	0.0014297501069733	0.849462365591398	2	1.13074761603133	0
Uniq234	26	290.429907003338	9716	0.00093222356112448	0.621538461538461	8	1.23730507556517	0.0739644970414202
Uniq263	30	285.433562711638	19456	0.00175037619406259	0.875862068965517	2	1.06039451818988	0
Uniq519	3	0	0	4.79654836985081e-07	1	6	-0.597497228692978	0
Uniq380	21	263.713926034498	7279	0.000833209249143296	0.671428571428571	8	0.611701385672668	0.090702947845805
Uniq1041	25	409.441466009526	24765	9.39830275323984e-05	0.68	0	2.12903549487367	0
Uniq596	24	83.6549494729472	7239	0.00091563444794378	0.713768115942029	8	0.987063599608168	0.0798611111111109
Uniq1026	10	0.0769230769230769	1	4.94545615142296e-05	0.977777777777778	0	0.268713217799589	0
Uniq90	12	814.078958467378	10517	1.59875644681088e-05	0.363636363636364	4	1.34193436675645	0
Uniq248	28	566.415816348931	22341	1.15059562760038e-08	0.85978835978836	7	0.420272496672508	0
Uniq1244	1	0	0	2.08888016052732e-07	0	1	-1.48198460692571	0
Uniq512	5	35.7736026392877	1386	0.00042496269512501	0.8	0	-0.475415693030042	0.32
Uniq634	25	713.218294860431	9806	6.97178834974826e-06	0.556666666666667	1	1.27075921467423	0
Uniq208	24	11.1799984116001	107	0.000555179027290534	0.684782608695652	8	1.11218433758667	0
Uniq1286	22	19.7737927553835	1450	6.9392327395607e-06	0.800865800865801	1	0.926666236974237	0
Uniq772	32	44.9675470177773	224	0.00142219561344732	0.768145161290323	2	1.20110071387277	0
Uniq649	3	3.33333333333333	4	8.22170734091456e-07	0.333333333333333	6	-0.597497228692978	0
Uniq743	8	150.322252424534	7141	2.39136770315793e-06	0.428571428571429	1	-0.679100992292394	0
Uniq169	5	29.477847805789	270	1.82211468854243e-06	0.5	4	-0.301935232520202	0
Uniq1133	25	6076.76230906928	129209	2.2620785265476e-05	0.446666666666667	1	1.1560615554409	0.0768
Uniq133	13	531.514984747058	15484	3.44202001310308e-06	0.346153846153846	4	1.57677288093883	0
Uniq839	30	594.393363078578	22937	0.00175857299165693	0.905747126436782	2	1.06039451818988	0
Uniq2464	2	1208.61832691891	9571	5.61606380202918e-07	0	0	-0.847480148444858	0.5
Uniq949	5	6.25150468380793	1295	0.000185844364562397	0.8	2	-0.698432927846222	0
Uniq232	5	27.1479492299926	509	1.84578078108157e-06	0.4	4	-0.301935232520202	0
Uniq2323	2	0	0	0.000429037724695302	1	2	-0.909492221370554	0
Uniq531	23	817.389874985414	36498	7.91491464276877e-06	0.490118577075099	1	1.04136389620757	0
Uniq181	1	0	0	1.03129454867257e-07	0	4	-1.24128928924972	0
Uniq786	2	0	0	3.98285689312153e-07	1	6	-0.973699187499667	0
Uniq866	29	211.93511407844	24953	0.001364713023301	0.88423645320197	2	0.990041420348439	0
Uniq161	33	0.811206227358979	26	0.164828666089541	0.950757575757576	3	-0.36514837167018	0
Uniq502	21	114.266815161717	4794	7.31177021040223e-06	0.595238095238095	1	0.811968577740906	0
Uniq1016	3	0	0	0.000434925570660773	1	8	-1.64047189794034	0.444444444444444
Uniq606	17	29.7708916825289	2438	0.000757394564255782	0.683823529411765	8	0.111218433758667	0.110726643598616
Uniq3089	1	0	0	1.26910575987278e-05	0	0	-0.847480148444858	0
Uniq1890	1	0	0	3.54581700648923e-07	0	0	-0.847480148444858	0
Uniq156	13	35.0000000000004	5499	6.01360605782595e-09	0.974358974358974	7	-1.1557493658494	0
Uniq505	18	46.8645237932002	4796	0.00079349890582556	0.810457516339869	8	0.236339171737167	0.104938271604938
Uniq1092	28	80.9621154212301	3440	8.18327930563382e-06	0.603174603174603	1	1.61485219237422	0
Uniq2369	8	2625.5129548153	53180	0.0204908342658182	0.321428571428571	0	-0.475415693030042	0.5
Uniq817	4	2102.99523809523	34180	0.000383062319059914	0.166666666666667	6	-0.597497228692978	0.375
Uniq2609	3	3764.87498297427	97142	0.000383864665774754	0	0	-0.723458663306586	0.444444444444444
Uniq1792	8	1332.00779923228	14128	0.000423573210212136	0.392857142857143	0	-0.103351237615227	0.21875
Uniq2327	1	0	0	0.000381270198479175	0	2	-0.979845319211998	0
Uniq138	10	13.8166208791209	60	3.69807723156226e-06	0.511111111111111	4	0.872257338391696	0
Uniq3611	2	15	15	2.13580294101976e-164	0	5	0	0
Uniq1218	1	0	0	0.000381270198479175	0	2	-0.979845319211998	0
Uniq423	21	120.209726598312	9587	0.000844514838905961	0.795238095238095	8	0.611701385672668	0.090702947845805
Uniq3979	4	16.151146277504	252	0.000655216932629968	0.666666666666667	0	-0.475415693030042	0
Uniq4065	4	1033.93344770521	7467	7.27337091279592e-07	0.166666666666667	0	-0.475415693030042	0
Uniq801	18	22.7273793895921	1592	5.76085160117898e-06	0.836601307189543	1	0.467875600040914	0
Uniq573	32	602.844878120558	22979	0.00181557784758511	0.840725806451613	2	1.20110071387277	0
Uniq2720	1	0	0	2.39609213707758e-165	0	5	-1.22474487139159	0
Uniq294	12	2.04164708852592	92	2.43677354919534e-07	0.893939393939394	1	-0.220310355359071	0
Uniq822	1	0	0	0.000381270198479175	0	2	-0.979845319211998	0
Uniq717	28	96.1337390239437	4716	7.88534727387593e-06	0.595238095238095	1	1.61485219237422	0
Uniq3438	5	0	0	3.77185651823269e-05	1	0	-0.35139420789177	0
Uniq1116	6	12.9919900612685	753	7.48713162440931e-06	0.8	0	-0.227372722753498	0
Uniq2758	3	508.289331846817	3977	1.18212412511625e-05	0.666666666666667	0	-0.599437178168314	0
Uniq143	31	29.4040726628632	5653	1.25295125595744e-08	0.840860215053763	7	0.735476869176888	0
Uniq674	5	0	0	0.000485976966890767	1	8	-1.39023042198334	0.32
Uniq174	23	37.645672891781	5558	9.68060934793421e-09	0.885375494071146	7	-0.105068124168127	0
Uniq266	36	6262.25480043288	74558	0.174788675074737	0.898412698412698	3	1.82574185835088	0.0540123456790125
Uniq792	20	9.72608836142325	175	6.14713002887619e-06	0.768421052631579	1	0.697270918507575	0
Uniq622	1	0	0	7.07133970947618e-07	0	6	-1.34990114630636	0
Uniq2741	1	0	0	2.17924002276093e-08	0	0	-0.847480148444858	0
Uniq270	4	1.77857142857143	11	1.11775950242146e-06	0.333333333333333	4	-0.536773746702582	0
Uniq126	32	75.6979582354023	16671	1.26766627812367e-08	0.828629032258065	7	0.840544993345015	0
Uniq1734	31	2285.30112029721	55213	2.59514598078646e-05	0.460215053763441	1	1.84424751084088	0.0624349635796044
Uniq685	3	58.8928571428564	2444	1.22758231707935e-05	0.666666666666667	6	-0.597497228692978	0
Uniq229	32	0.811145132539819	26	0.159745933801425	0.94758064516129	3	-1.46059348668071	0
Uniq1107	13	21.0986235567121	2406	0.00067432382889313	0.769230769230769	8	-0.389264518155334	0.142011834319526
Uniq2073	3	1.5	2	2.36287205059444e-05	0.333333333333333	2	-0.83913912352911	0
Uniq790	1	0	0	3.22253953180749e-06	0	0	-0.847480148444858	0
Uniq1070	27	286.25286892579	11221	7.37575585954567e-06	0.595441595441595	1	1.50015453314089	0
Uniq1197	1	0	0	0.000381270198479175	0	2	-0.979845319211998	0
Uniq1268	18	31.168508702582	2227	5.87676294836981e-06	0.777777777777778	1	0.467875600040914	0
Uniq2964	1	0	0	3.25231436684989e-08	0	1	-1.48198460692571	0
Uniq226	28	607.823727690245	33313	1.12509109377979e-08	0.857142857142857	7	0.420272496672508	0
Uniq2237	27	667.980806250973	32079	6.92592435680764e-06	0.558404558404558	1	1.50015453314089	0
Uniq783	27	580.192645575074	14198	0.00159427566314549	0.834757834757835	2	0.849335224665551	0
Uniq1167	1	0	0	0.000381270198479175	0	2	-0.979845319211998	0
Uniq2687	5	424.5	6157	2.62017738701442e-05	0.3	0	-0.35139420789177	0
Uniq123	24	38.8839196476742	5582	1.0015333771373e-08	0.873188405797101	7	0	0
Uniq937	20	205.152043731314	4746	7.80994088227702e-05	0.663157894736842	0	1.50892806918231	0
Uniq238	32	50.5518670597288	11162	1.27379039042794e-08	0.826612903225806	7	0.840544993345015	0
Uniq636	24	717.052455989343	14300	0.000101532604178461	0.655797101449275	0	2.0050140097354	0
Uniq227	25	69.4424123462236	16523	1.05220427449479e-08	0.933333333333333	7	0.105068124168127	0
Uniq3326	1	0	0	1.26956644791723e-12	0	1	-1.48198460692571	0
Uniq64	32	71.122290483989	11225	1.2463633875133e-08	0.778225806451613	7	0.840544993345015	0
Uniq4214	4	0	0	5.18708472699929e-05	1	0	-0.475415693030042	0
Uniq1442	1	0	0	2.23988559492935e-06	0	0	-0.847480148444858	0
Uniq607	12	1.39154759370026	83	1.96830889603264e-07	0.924242424242424	1	-0.220310355359071	0
Uniq92	33	78.3669730073418	16709	1.29053390297522e-08	0.806818181818182	7	0.945613117513142	0
Uniq2393	1	0	0	5.23095322335916e-07	0	1	-1.48198460692571	0
Uniq1060	10	862.22775433193	17455	1.46223397272155e-05	0.666666666666667	1	-0.449705673825733	0
Uniq2866	1	0	0	6.72414324371658e-08	0	0	-0.847480148444858	0
Uniq960	1	0	0	3.75498755743028e-08	0	1	-1.48198460692571	0
Uniq780	1	0	0	0.000381270198479175	0	2	-0.979845319211998	0
Uniq4129	6	6.45825760830279	1294	0.000223071346827968	0.8	2	-0.628079830004777	0
Uniq774	1	0	0	1.78650793146117e-08	0	0	-0.847480148444858	0
Uniq469	29	3.7994534646957	49	0.00139304133689923	0.933497536945813	2	0.990041420348439	0
Uniq106	29	71.8819735544899	16586	1.18325583257335e-08	0.879310344827586	7	0.525340620840635	0
Uniq1242	2	14.339735776901	319	2.33663808773355e-06	0	1	-1.36728694769238	0
Uniq1805	1	0	0	0.000381270198479175	0	2	-0.979845319211998	0
Uniq836	24	6563.23820981629	176185	0.000495590456835338	0.572463768115942	0	1.88099252459712	0.0798611111111109
Uniq262	27	41.6256482460462	5628	1.10208557539128e-08	0.84045584045584	7	0.315204372504381	0
Uniq1030	25	2832.92221569872	73906	0.000115429494196958	0.563333333333333	0	2.12903549487367	0
Uniq1200	15	10.5798229425585	194	5.1128141083309e-06	0.714285714285714	1	0.123782622340921	0
Uniq321	21	30.1163581882299	265	6.5135877101225e-09	0.804761904761905	7	-0.315204372504381	0
Uniq860	8	126.672653817803	5867	1.65345537030163e-06	0.607142857142857	1	-0.679100992292394	0
Uniq2250	7	1518.82337867027	15764	0.00065866570599596	0.380952380952381	0	-0.227372722753498	0.244897959183674
Uniq1056	28	10.1239032781336	117	0.00133821723444594	0.928571428571429	2	0.919688322506995	0
Uniq925	32	163.983350722889	26373	0.00142912985409633	0.798387096774194	2	1.20110071387277	0
Uniq3624	1	0	0	0.000381270198479175	0	2	-0.979845319211998	0
Uniq1930	3	29.5720028663562	619	3.86412290186513e-06	0	1	-1.25258928845905	0
Uniq316	8	4509.1945037657	67894	0.00039726148606498	0.5	4	0.167741795844557	0.21875
Uniq105	32	77.9922131539055	16703	1.25802441505131e-08	0.806451612903226	7	0.840544993345015	0
Uniq2947	3	300.580935555305	2824	2.6097784271807e-06	0	0	-0.599437178168314	0
Uniq751	7	0.183333333333333	2	0.000527648212990482	0.904761904761905	8	-1.13998894602633	0.244897959183674
Uniq179	27	70.6671191606582	16553	1.11749451174269e-08	0.894586894586895	7	0.315204372504381	0
Uniq1102	19	359.528136646998	18317	8.29166745603764e-05	0.742690058479532	0	1.38490658404404	0
Uniq1298	7	211.285714285714	11621	7.01168148157139e-06	0.666666666666667	0	-0.103351237615227	0
Uniq3265	4	1063.36547955578	6740	1.18361069773821e-05	0.333333333333333	0	-0.475415693030042	0
Uniq644	18	47.8014939309065	4803	0.000785097977507644	0.758169934640523	8	0.236339171737167	0.104938271604938
Uniq332	9	1740.75238095238	29362	2.3601106821714e-05	0.194444444444444	6	1.65971452414716	0
Uniq737	30	414.512770829127	21636	0.00175639482219297	0.901149425287356	2	1.06039451818988	0
Uniq1643	1	0	0	0.000381270198479175	0	2	-0.979845319211998	0
Uniq471	5	4006.55476190472	51271	0.000383457432346316	0.3	6	-0.221295269886288	0.32
Uniq1397	28	98.5495971734874	5947	8.0543550583149e-06	0.563492063492063	1	1.61485219237422	0
Uniq579	8	0.0714285714285714	1	0.000563994034391892	0.964285714285714	8	-1.01486820804783	0.21875
Uniq767	3	0	0	0.000429525585835153	1	8	-1.64047189794034	0.444444444444444
Uniq1598	23	262.282926307359	5834	8.92965369727368e-05	0.660079051383399	0	1.88099252459712	0
Uniq3110	6	128.975702024492	1624	2.23682306817489e-05	0.466666666666667	0	-0.227372722753498	0
Uniq1333	1	0	0	1.38433590936434e-05	0	0	-0.847480148444858	0
Uniq654	4	0.6	3	1.56410897941827e-06	0.833333333333333	6	-0.221295269886288	0
Uniq151	7	17.708678014943	271	2.47443613407789e-06	0.714285714285714	4	0.167741795844557	0
Uniq3528	2	0	0	1.34761124922592e-05	1	0	-0.723458663306586	0
Uniq941	13	58.8596855683924	4011	0.00092076394925993	0.717948717948718	2	-0.135608145114668	0
Uniq364	14	1180.95247641763	33230	3.90814285336726e-05	0.373626373626374	4	1.81161139512121	0
Uniq466	3	1.33333333333333	3	1.12368097362889e-06	0.333333333333333	6	-0.597497228692978	0
Uniq944	10	817.94438311913	42473	6.06915253435473e-06	0.288888888888889	1	-0.449705673825733	0
Uniq727	18	3175.41314367068	66756	2.02898279634568e-05	0.313725490196078	1	0.353177940807583	0.104938271604938
Uniq254	29	612.478509681553	27769	1.15567154905556e-08	0.839901477832512	7	0.525340620840635	0
Uniq2520	1	0	0	2.23988559492935e-06	0	0	-0.847480148444858	0
Uniq329	21	0.512266437572664	13	7.16327142492742e-09	0.957142857142857	7	-0.315204372504381	0
Uniq438	13	2.13139067826951	93	2.3847470152646e-07	0.897435897435897	1	-0.10561269612574	0
Uniq2052	6	497.507799232276	4906	0.00042241796175464	0.6	0	-0.35139420789177	0.277777777777778
Uniq693	31	217.170713762269	19441	0.00181017157956162	0.890322580645161	2	1.13074761603133	0
Uniq468	9	220.91424425248	4800	0.000564360881847108	0.777777777777778	8	-0.889747470069335	0.197530864197531
Uniq3463	2	422	20451	4.23726967480639e-11	0	1	-1.36728694769238	0
Uniq1314	3	0.0555555555555556	1	5.81471340986195e-07	0.666666666666667	1	-1.25258928845905	0
Uniq1631	1	0	0	3.36488421731317e-10	0	7	-2.41656685586692	0
Uniq460	1	0	0	6.71715261629952e-08	0	0	-0.847480148444858	0
Uniq3712	3	1996.24154227449	13442	0.000381979017549453	0.333333333333333	0	-0.723458663306586	0.444444444444444
Uniq1669	2	0	0	2.5702897973083e-05	1	2	-0.909492221370554	0
Uniq4303	1	0	0	7.67810754227938e-218	0	10	0	0
Uniq1354	1	0	0	3.54581700648923e-07	0	0	-0.847480148444858	0
Uniq2100	2	1	2	4.7783824335668e-11	0	7	-2.31149873169879	0
Uniq1733	2	0	0	2.36651735826803e-06	1	1	-1.36728694769238	0
Uniq577	6	35.9736026392877	1387	0.000437324986605339	0.8	0	-0.35139420789177	0.277777777777778
Uniq624	6	35.9736026392877	1387	0.000437324986605339	0.8	0	-0.35139420789177	0.277777777777778
Uniq2543	2	0	0	1.34650413096494e-05	1	0	-0.723458663306586	0
Uniq1633	4	233.188121462612	1645	0.000408932615999367	0.5	2	-0.768786025687666	0
Uniq343	15	6.95583838572011	662	2.6388470602081e-05	0.895238095238095	1	0.123782622340921	0
Uniq3121	3	16043	571583	2.2442313361202e-06	0	0	-0.723458663306586	0.444444444444444
Uniq1259	1	0	0	0.000381270198479175	0	2	-0.979845319211998	0
Uniq536	9	42.8989262371622	4774	0.000562224354655624	0.805555555555556	8	-0.889747470069335	0.197530864197531
Uniq908	15	6.80675413663586	660	2.53675422694211e-05	0.914285714285714	1	0.123782622340921	0
Uniq1400	7	1011.30138593158	11009	1.18344202622486e-05	0	0	-0.103351237615227	0
Uniq1195	22	308.339934118382	23202	7.825480417472e-05	0.757575757575758	0	1.75697103945885	0
Uniq1295	22	900.562038075983	29578	7.58159347102118e-05	0.67965367965368	0	1.75697103945885	0
Uniq317	15	6.95583838572011	662	2.641244675706e-05	0.895238095238095	1	0.123782622340921	0
Uniq1359	2	56.4098089973384	1227	2.59446729557827e-06	0	0	-0.723458663306586	0
Uniq1506	2	7	7	5.73326442977781e-165	0	5	0	0
Uniq2142	1	0	0	1.26564441615037e-05	0	0	-0.847480148444858	0
Uniq1079	14	1085.83265115692	18663	0.000451841589814381	0.714285714285714	0	0.640777673214405	0.13265306122449
Uniq689	32	359.686703554629	49899	0.00138980001463078	0.758064516129032	2	1.20110071387277	0
Uniq581	27	7503.36248018981	155228	0.000464699982723515	0.595441595441595	0	2.25305698001194	0.0713305898491086
Uniq3221	3	422.874125874126	1969	1.40884507322369e-05	0	0	-0.599437178168314	0
Uniq1024	3	0.212345425975268	8	1.24598709282951e-06	0.666666666666667	1	-1.25258928845905	0
Uniq1282	11	142.981123605914	3047	5.5453758922952e-06	0.327272727272727	1	-0.335008014592402	0
Uniq1801	2	0	0	4.20166580377926e-07	1	0	-0.723458663306586	0
Uniq1114	2	422	5598	2.24189818139112e-06	0	0	-0.723458663306586	0
Uniq1739	1	0	0	1.76930483361125e-06	0	0	-0.847480148444858	0
Uniq2022	1	0	0	1.25212914157874e-06	0	1	-1.48198460692571	0
Uniq242	25	69.4424123462236	16523	1.05220427449479e-08	0.933333333333333	7	0.105068124168127	0
Uniq583	19	7211.28277645622	277911	0.000404260665450754	0.631578947368421	1	0.238480281574252	0.277008310249308
Uniq2461	11	74.2532124253305	2099	7.90946601278853e-06	0.345454545454545	1	-0.335008014592402	0
Uniq2188	2	0	0	1.2516861971749e-05	1	2	-0.909492221370554	0
Uniq369	18	12.1229139267112	118	5.75543542387137e-09	0.888888888888889	7	-0.630408745008761	0
Uniq3313	1	0	0	1.08450894615481e-06	0	1	-1.48198460692571	0
Uniq207	13	1.06035590508207	14	2.67423993086407e-07	0.91025641025641	1	-0.10561269612574	0
Uniq214	15	424.643872995208	37120	7.76348670544906e-07	0.714285714285714	1	0.123782622340921	0
Uniq994	1	0	0	2.23988559492935e-06	0	0	-0.847480148444858	0
Uniq2082	5	0.202380952380952	5	6.62421620280587e-06	0.9	1	-1.02319396999239	0
Uniq765	20	2819.3277945836	164867	1.30276252025817e-06	0.4	1	0.697270918507575	0
Uniq971	2	0	0	5.30110189984139e-164	1	5	0	0
Uniq272	5	35.7736026392877	1386	0.00042496269512501	0.8	0	-0.475415693030042	0.32
Uniq1668	6	53.3679935631227	1023	6.44745423486948e-06	0.6	1	-0.908496310759056	0
Uniq4250	2	209.5	2472	0.000381978159808529	0	2	-0.909492221370554	0
Uniq2270	1	0	0	1.91375381429048e-05	0	0	-0.847480148444858	0
Uniq733	31	502.507889491113	22962	0.00176753131423397	0.858064516129032	2	1.13074761603133	0
Uniq1922	6	702.280862621044	22579	1.05186297747706e-09	0.266666666666667	7	-1.89122623502628	0
Uniq3998	5	0.981966001478197	5	0.000138431962987872	0.7	2	-0.698432927846222	0
Uniq874	5	1477.99351867202	10428	1.84948410641725e-05	0.6	0	-0.35139420789177	0
Uniq865	18	20.6285907790706	2411	0.000808800385417229	0.836601307189543	8	0.236339171737167	0.104938271604938
Uniq1288	2	0	0	5.30110189984139e-164	1	5	0	0
Uniq324	14	2.20831375519259	94	2.74067948216343e-07	0.901098901098901	1	0.00908496310759056	0
Uniq1860	20	73.9807344799875	3527	8.47836193536786e-05	0.773684210526316	0	1.50892806918231	0
Uniq222	14	106.723610933951	3472	2.68349915335426e-07	0.791208791208791	1	0.00908496310759056	0
Uniq1695	1	0	0	0.000381270198479175	0	2	-0.979845319211998	0
Uniq1605	18	28.564045043363	381	9.28879432618358e-05	0.751633986928105	0	1.26088509890576	0
Uniq1866	2	56.4098089973384	1227	2.59446729557827e-06	0	0	-0.723458663306586	0
Uniq1682	1	0	0	4.77675262161267e-05	0	2	-0.979845319211998	0
Uniq352	16	7.02250505238677	663	2.72030954393784e-05	0.9	1	0.238480281574252	0
Uniq3652	3	620.766919655834	4743	5.96259921299376e-07	0	0	-0.599437178168314	0
Uniq2644	5	1068.64656874536	47869	0.000386936965634829	0.5	1	-1.13789162922572	0.32
Uniq1422	3	16.3047487163682	1291	0.000451469716036657	0.666666666666667	2	-0.83913912352911	0
Uniq2037	2	443.464326380571	2532	1.91554032222194e-05	0	0	-0.723458663306586	0
Uniq1414	1	0	0	0.000381270198479175	0	2	-0.979845319211998	0
Uniq911	4	17	17	7.38314278800801e-164	0.166666666666667	5	2.44948974278318	0
Uniq305	5	0.2	1	0.000432941750748049	0.9	0	-0.475415693030042	0.32
Uniq1640	25	570.005412275735	20145	5.88315634484724e-05	0.523333333333333	0	2.12903549487367	0
Uniq2355	4	3419.37969046274	32655	0.000448630097173435	0.333333333333333	2	-0.83913912352911	0.375
Uniq1307	1	0	0	2.27158935398096e-06	0	0	-0.847480148444858	0
Uniq530	15	6.80675413663586	660	2.606652876479e-05	0.914285714285714	1	0.123782622340921	0
Uniq311	14	1043.88248926933	9286	2.49177342061523e-07	0.791208791208791	1	-0.10561269612574	0.13265306122449
Uniq1493	27	2293.15653072865	143413	0.000150676897195996	0.495726495726496	0	2.12903549487367	0.137174211248285
Uniq952	20	375.83945727044	27832	2.80033169216844e-05	0.642105263157895	1	0.697270918507575	0
Uniq3725	8	0	0	0.000382824950465876	1	2	-0.487373634321889	0
Uniq3607	1	0	0	1.08450894615481e-06	0	1	-1.48198460692571	0
Uniq4360	2	0	0	0.000393079099121571	1	2	-0.909492221370554	0
Uniq567	17	161.342702932183	14001	2.75095240145575e-05	0.823529411764706	1	0.353177940807583	0
Uniq1418	18	756.714175285263	57872	7.99633233190122e-05	0.790849673202614	0	1.13686361376749	0.104938271604938
Uniq2485	2	0	0	0.000408858034767434	1	2	-0.909492221370554	0
Uniq2226	11	1549.77963086745	10683	0.000447421867511566	0.4	0	0.268713217799589	0.165289256198347
Uniq1185	17	876.362419228073	19047	5.90518262112647e-05	0.580882352941177	0	1.13686361376749	0
Uniq4100	2	422	2824	1.08548340128978e-06	0	1	-1.36728694769238	0
Uniq1328	13	1594.79831387475	19007	0.000462032104541541	0.333333333333333	0	0.516756188076133	0.142011834319526
Uniq936	9	839.145147851401	49210	6.93048780229567e-06	0.222222222222222	1	-0.564403333059063	0
Uniq1046	9	28.1262897219993	421	2.97756174852358e-05	0.861111111111111	0	0.144691732661317	0
Uniq793	2	0	0	1.56924634046549e-06	1	1	-1.36728694769238	0
Uniq1251	14	4.47961968251936	127	4.57552358282471e-05	0.901098901098901	0	0.764799158352676	0
Uniq671	35	3799.43059941766	134651	4.17907141104487e-05	0.248739495798319	1	2.41773580700754	0
Uniq384	15	282.240819055367	12994	1.23784071682527e-06	0.714285714285714	1	0.123782622340921	0
Uniq3352	1	0	0	0.000381270198479175	0	2	-0.979845319211998	0
Uniq1708	14	66.3113951331419	891	4.41420581064316e-05	0.813186813186813	0	0.764799158352676	0
Uniq918	1	0	0	3.08562261479152e-164	0	5	-1.22474487139159	0
Uniq3125	2	16	16	3.97823461550717e-164	0	5	0	0
Uniq4257	2	842	40900	1.41294977857036e-09	0	1	-1.36728694769238	0
Uniq1966	3	0	0	4.12673345415418e-05	1	0	-0.599437178168314	0
Uniq1415	21	840.693631042607	22211	0.000107554583472732	0.585714285714286	0	1.63294955432058	0
Uniq4345	1	0	0	3.15174118842305e-11	0	7	-2.41656685586692	0
Uniq2346	24	20765.3511680808	647153	7.47577988778297e-05	0.192028985507246	0	1.88099252459712	0.0798611111111109
Uniq2261	3	0	0	4.12673345415418e-05	1	0	-0.599437178168314	0
Uniq3250	1	0	0	4.22116733203398e-07	0	0	-0.847480148444858	0
Uniq2213	7	910.507799232277	11049	0.000423203701499377	0.523809523809524	0	-0.227372722753498	0.244897959183674
Uniq3605	1	0	0	7.850548935314e-07	0	0	-0.847480148444858	0
Uniq1112	17	41.7939800380355	1363	2.74007166626435e-05	0.816176470588235	1	0.353177940807583	0
Uniq2083	3	300.580935555305	2824	2.6097784271807e-06	0	0	-0.599437178168314	0
Uniq629	12	1.06035590508207	14	2.28390754453427e-07	0.893939393939394	1	-0.220310355359071	0
Uniq448	15	374.695146753984	19691	1.22308834794984e-06	0.714285714285714	1	0.123782622340921	0
Uniq372	14	2.20831375519259	94	2.74067948216343e-07	0.901098901098901	1	0.00908496310759056	0
Uniq1377	18	4947.84860804233	55794	3.61962690885071e-05	0.0980392156862745	1	0.238480281574252	0.203703703703704
Uniq756	16	6.87342080330252	661	2.68636237809042e-05	0.916666666666667	1	0.238480281574252	0
Uniq481	26	1586.84074300552	99430	5.0980908486012e-05	0.396923076923077	1	1.38545687390756	0
Uniq1902	14	106.879582556828	8504	4.65499626623304e-05	0.835164835164835	0	0.764799158352676	0
Uniq614	25	1083.15152359824	77947	5.14288820995186e-05	0.41	1	1.27075921467423	0
Uniq628	18	110.464295370485	8813	4.88841767006916e-05	0.679738562091503	1	0.467875600040914	0
Uniq691	17	936.634298510789	67074	2.05946139805157e-05	0.786764705882353	1	0.238480281574252	0.110726643598616
Uniq1549	7	9198.91255043068	189689	0.000417310918029572	0.333333333333333	0	-0.475415693030042	0.571428571428571
Uniq999	22	751.930613915008	47724	3.80820301111524e-05	0.385281385281385	1	0.926666236974237	0
Uniq1470	3	0	0	2.0227235405898e-07	1	1	-1.25258928845905	0
Uniq1135	9	283.711635035353	5067	3.04299519280247e-06	0.416666666666667	1	-0.564403333059063	0
Uniq3755	4	1.19230769230769	7	6.87769863102928e-06	0.833333333333333	0	-0.475415693030042	0
Uniq333	18	410.915550468771	23073	2.64627587147861e-05	0.65359477124183	1	0.467875600040914	0
Uniq2271	6	110.236306887806	535	8.01090909212128e-05	0.466666666666667	0	-0.227372722753498	0
Uniq1715	107	59795.9011790794	1083719	0.0127251681511888	0.0744136836536766	2	2.32675027933588	0.69123940955542
Uniq3608	7	2869.34327034607	49260	0.00063872915349545	0.142857142857143	0	-0.35139420789177	0.408163265306122
Uniq2268	3	352.006621047369	1837	5.11020071451633e-07	0	0	-0.599437178168314	0
Uniq646	4	48.3375220208947	557	1.25523261168026e-06	0.833333333333333	1	-1.13789162922572	0
Uniq993	8	191.756629500495	3254	2.45275804888789e-06	0.464285714285714	1	-0.679100992292394	0
Uniq845	18	441.607725575574	8863	3.78384778290999e-05	0.718954248366013	1	0.467875600040914	0
