""	"PC1"	"PC2"	"PC3"	"PC4"	"PC5"	"PC6"
"SQR9a"	0.514555348901194	0.217049552054285	-0.0140178218664073	-0.301652445789632	0.0228310886084412	-0.0634571829563423
"SQR9b"	0.485027090593136	0.177481824433818	0.0214398065615921	-0.344573516978568	0.0463879360213225	0.0939681907738032
"SQR9c"	0.38324173923853	-0.0611411729328566	0.0328905915853748	-0.223532241916278	-0.0224910872377917	-0.0616472930888165
"SQR9d"	0.496789485672531	0.193932283173437	-0.0132967972855593	-0.298903827950607	0.0449200877366165	0.0580858407894471
"X1a"	0.118914380339165	-0.119188813550233	0.335907358219394	0.157261535535725	0.185386956485831	-0.142433215785599
"X1b"	0.168579653156382	0.105871761037634	0.311299783618553	0.026180688788944	-0.0872035996645588	0.169598466843216
"X1c"	0.20397873561555	-0.00309441235101688	0.206458039782366	-0.152082943411084	-0.342565664732227	-0.0942266818681065
"X1d"	0.142246713990538	-0.0869981895866383	0.425454474699404	-0.0755546532745722	-0.104299723335372	0.29533058380195
"X1e"	0.127896346361404	-0.127681590731776	0.450189678514105	-0.0271381527042355	0.122343268546129	-0.0434834402050447
"X2a"	0.456635742076661	0.154571618159204	0.0208895155089225	-0.0354876856799308	-0.0534980881242159	0.0373089607915108
"X2b"	0.464466807516639	0.164980654771144	0.0524619569293132	-0.209439593762215	0.0142359063347857	0.0118424850933014
"X2c"	0.425841578261243	0.174844306009226	0.0883119101276487	-0.236571249350045	-0.0225216664299224	0.00613035880266138
"X3a"	0.615315979451761	-0.0954739754015922	-0.106564165834654	0.0913996802334347	0.0653800210154582	0.0577352654893023
"X3b"	0.581668154626646	-0.178081587587811	-0.0951906974934353	0.087275380882459	0.0379709035112479	-0.00073753388928245
"X3c"	0.581085718239449	-0.162178168300371	-0.0777142720986297	0.10800979900937	-0.0795364368403597	-0.00068539721421134
"X5a"	0.489917541915965	0.223401211087721	-0.047827264750748	-0.336801996398785	0.0831024655841405	0.0204971545276977
"X5b"	0.472225120579575	0.171970460569971	-0.0552276553042016	-0.36926098559419	0.0346028976960335	-0.0610909068412651
"X5c"	0.520543258288026	0.141182910112406	-0.0248422563951129	-0.320981964200133	0.0205389477786249	-0.0185343558509296
"X7a"	0.109672348568024	-0.139921293005867	0.326244315856128	0.0609618364104409	0.168146687368231	0.085055802167745
"X7b"	0.166495694733085	-0.143146328254436	0.427425758475846	-0.0736092493386434	-0.0432328358124082	0.19761201199061
"X7c"	0.0936945008792864	-0.201057124202332	0.469979693651399	-0.0740121111896459	-0.096217344787278	0.188705247844382
"X7d"	0.0931739388823386	-0.192611022568242	0.443941621141792	0.0284134938933952	-0.0689993398315963	0.113859458448606
"X7e"	0.14583256940903	-0.117232489067094	0.470002666419744	-0.0155553631576728	-0.0894837177407804	0.128442357379407
"X9a"	0.548344456336587	-0.00280280150361967	-0.00192761141510004	0.0994062177340242	0.174413956880663	0.0410153876327689
"X9b"	0.629211554465639	-0.0510148398428677	-0.116014985322621	0.080111762300876	0.0707093866112091	0.0732141463377857
"X9c"	0.59224237217202	-0.0365673924946133	-0.102321946552396	0.155109492990628	0.153947433584941	0.0389634558543919
"X10a"	0.616543027524873	-0.0364023666070316	-0.0371257906766405	0.0980744735498357	0.0861195409559168	-0.0418604101307318
"X10b"	0.568737639728543	-0.164737730933807	-0.110535971040646	0.114512592456672	-0.0389407412128238	0.0903075483469495
"X10c"	0.532796200496319	-0.097592993207888	-0.162297015410973	0.154256435573096	-0.0665656475378487	0.093418263445334
"X11a"	0.0835595042619967	-0.198925364574289	0.173909960122413	-0.0140002879480388	0.219088747738264	-0.0713361110693227
"X11b"	0.547157660476733	-0.172367264077984	-0.0844419978730005	0.0196973562975671	-0.0588617517586578	0.041586487832151
"X11c"	0.526061990778989	0.105612768761587	-0.0387633649283555	-0.309413067329325	0.122421928510291	-0.0729157753941428
"X11d"	-0.00971315547826422	-0.0495234011572987	0.115118541339318	0.0162906280747562	0.0798562073597905	0.0259468840061391
"X11e"	-0.0180828297068855	0.00675406460475713	0.0450043917329612	0.0223484483578981	0.0389298189891026	-0.00692420682661715
"X11f"	-0.0438759142268502	-0.0338446545173038	0.122583566911952	0.00362225390492121	0.0447074819212409	0.0547336477896597
"X14a"	0.593851897732892	-0.0821347187746259	-0.0714101580645312	0.121035206880812	0.0937368131037065	0.031404945106572
"X14b"	0.542444660816527	-0.168880730951846	-0.0411719829634432	0.0918323633309946	-0.144528084663525	-0.0125550849472263
"X14c"	0.537172756823991	-0.0719906046935287	-0.0865457296920733	-0.0394246881533622	-0.0724525009173139	-0.0157949664570993
"X18a"	0.093886294551028	-0.0749152010844675	0.385332112948091	0.0391264075213311	0.154305102856043	-0.173419987523394
"X18b"	0.208120063078839	-0.208869589247252	0.372931154715601	-0.0976042166781147	0.0169623380145112	0.0770730482701971
"X18c"	0.144093572708602	-0.168413482293379	0.354152463468572	-0.0357034839235515	0.0418372614160684	0.0450912901790974
"X19a"	0.414094926556217	-0.167257875398447	0.0780670845650121	0.0402221710965815	0.00168262901755765	-0.0683504804835692
"X19b"	0.560485958765834	-0.142257680317844	-0.114849706665493	0.0917869123718983	-0.0884199418570147	-0.0311857725940789
"X19c"	0.568798559900666	-0.0612398389892408	-0.139340626807016	0.0440992322690255	-0.173079917744054	0.0536996230305554
"X20a"	0.619790051823001	-0.057949683253192	-0.10132601036632	0.113760838053733	0.14766402939016	0.0499654318420156
"X20b"	0.577675253058638	-0.096964962409549	-0.148842441894471	0.0809082362907315	0.00195039779312668	0.0940866404640487
"X20c"	0.563230234703252	-0.0973696555700358	-0.0774281898867051	0.167377772482113	0.0795628398228742	0.0798397617505188
"X22a"	0.403809789943202	0.387336011573814	0.0836354942646713	0.176017800675912	-0.0487613931884923	-0.0631059801695899
"X22b"	0.374548714929441	0.385750484134526	0.13175498614757	0.19921823732596	-0.0332130704002173	-0.0570172058817487
"X22c"	0.374548714929441	0.385750484134526	0.13175498614757	0.19921823732596	-0.0332130704002173	-0.0570172058817487
"X25a"	0.382133246651073	0.339952654379151	0.00144445886755257	0.110912471378057	-0.113335475256857	-0.000433260128052628
"X25b"	0.371201571619465	0.390125870446844	0.0436047722683927	0.161676058429356	-0.0937618149195757	-0.00581565610726349
"X25c"	0.363908279262098	0.377797698669113	0.0667360116662909	0.156071955666779	-0.10298033951281	-0.0324192334181538
"X35a"	0.507861579299085	0.215017936046776	-0.0187450140272101	-0.347773064070919	0.0804537877641402	0.03679833260697
"X35b"	0.505685198490717	0.161898671541408	-0.00998222135369786	-0.339963395879702	0.117782347713889	0.0160938713189423
"X35c"	0.464836485125062	0.195833913595025	-0.0642537215530424	-0.361569897407671	0.066211191190468	-0.0373099462645339
"X37a"	0.540547183835945	-0.0832685613630268	-0.0773482549078993	0.0630756896746778	0.0865733901475484	0.0106715568839499
"X37b"	0.566136597600067	-0.132684927738021	-0.075849232836739	0.0130022289952963	-0.0137226983603076	0.028332239215583
"X37c"	0.54853278851406	-0.125919022159969	-0.0795666478583667	0.00342457269957546	-0.0733297017659455	0.0212885197402525
"X39a"	0.396517944085803	-0.232468371068183	8.14245340466452e-05	0.0319522923415823	-0.212546193828036	-0.0649054821397579
"X39b"	0.422448293090347	-0.305461523661448	0.0625360926433975	-0.0141561438650734	-0.22788097195506	-0.094278026975929
"X39c"	0.386069208689809	-0.275205125280728	0.0382192489996453	-0.0524311433080876	-0.306481739146902	-0.106596557279101
"X43a"	0.561528300925589	-0.0665664854258788	-0.104684069702768	0.0601743063651218	0.104169979749492	0.0322926768531486
"X43b"	0.340217318891963	-0.14914703193763	0.150466324719227	-0.103379149673844	-0.246905588374504	-0.248198568695586
"X43c"	0.371093381935422	-0.181181647172165	0.120829339322331	-0.0754865493368588	-0.251974716134993	-0.225637494294839
"X43d"	0.347672994242144	-0.219818556630593	-0.0158305695085675	-0.138203642725028	-0.138590306075967	-0.190398696761202
"X43e"	0.25450174165821	-0.235068536263098	0.052221065554431	-0.201135324572777	-0.179179912740467	-0.293052732483207
"X43f"	0.328343000110794	-0.240052012186412	0.0416853220557847	-0.124766085951219	-0.0711009425989767	-0.246631206071846
"X47a"	0.585680261942161	-0.104736505634518	-0.0774499997336663	0.0877919025150448	0.123789603668834	-0.0189563508429816
"X47b"	0.584266301689661	-0.184546234322101	-0.0738846435518179	0.100093602782405	-0.0248065211652243	-0.000249712108432013
"X47c"	0.554910518085709	-0.210456937694143	-0.121300992933032	0.102870819951623	-0.0557135440480599	-0.0374848982617832
"X48a"	0.601105490912293	-0.0757802245159914	-0.093564629127523	0.139469228895493	0.155383366959823	0.0160049955261528
"X48b"	0.565539705872763	-0.109662474395558	-0.111730535094288	-0.0101018152990917	0.000633911962693287	0.0903276103484009
"X48d"	0.460773684177401	-0.162530856356619	0.0340824505987751	-0.000704525372096552	0.0320990531585315	0.0613936361192895
"X48e"	0.464633927894383	-0.212451175408874	-0.00178010595707157	-0.0132794891571111	0.138129550294244	0.0154468542687786
"X48f"	0.38967551181754	-0.227778687813329	-0.00462750726439946	-0.0279977237118174	0.169157425586033	-0.0877248177297452
"X52a"	0.588715232981154	-0.0454227307393919	-0.0799545266622073	0.0805169843628153	0.0448139858310719	0.042228643027434
"X52b"	0.57579574167532	-0.153808305103747	-0.15849223382846	0.0589786751108804	-0.0345744894402537	0.00739252162122042
"X52c"	0.588544865746767	-0.0851447565952385	-0.117443244897036	0.0563782387549202	0.0167202129522612	0.043101440438519
"X53a"	0.49477337429843	-0.159853874558871	-0.0233212736841159	0.133525352624387	0.109659003372261	-0.0285564970612183
"X53b"	0.576790146197137	-0.106843381284315	-0.0778093966125967	0.0582489571505192	-0.0501063093706292	0.10553450423864
"X53c"	0.446999354767445	-0.156625646736862	0.0248428008942016	0.0220891321301767	-0.2852274361349	0.0492215972297843
"X53d"	0.509291551614709	-0.185770223649344	-0.123554290961644	0.0440462842793819	0.0157609410626418	-0.0145752904144359
"X53e"	0.576062400227317	-0.130122514088672	-0.0398525211153538	0.0478067019147376	0.0284958382764747	-0.0250421495207932
"X55a"	0.401564306380409	0.392259315172899	0.10099488403822	0.19144806751899	-0.0519915195365126	-0.0112021444111493
"X55b"	0.377556699338649	0.365470214848178	0.133484544498215	0.207348251084341	-0.0587521954461221	-0.0452412583713806
"X55c"	0.367329792699012	0.40262172980957	0.147701119758451	0.164186634316315	-0.0342107970153318	-0.079080070687693
"X57a"	0.416842090209251	0.391753102371017	0.0707290436420024	0.13988951379422	-0.0984639958087126	-0.0375874933455144
"X57b"	0.372638270134281	0.404461861908261	0.119024496266346	0.156051764780948	-0.00748229793320781	-0.0587388245136992
"X57c"	0.367329792699012	0.40262172980957	0.147701119758451	0.164186634316315	-0.0342107970153318	-0.079080070687693
"X60a"	0.388278720221476	0.39445852131259	0.10593057599147	0.193156067215256	-0.04019717277825	-0.0532651555010527
"X60b"	0.374548714929441	0.385750484134526	0.13175498614757	0.19921823732596	-0.0332130704002173	-0.0570172058817487
"X60c"	0.374548714929441	0.385750484134526	0.13175498614757	0.19921823732596	-0.0332130704002173	-0.0570172058817487
"X65a"	0.130859627256811	-0.0299785949278781	0.304777981173856	0.137662501811863	0.0688149667628442	-0.0789834428554545
"X65b"	0.155959914013265	0.0690909050644805	0.469558508614862	-0.0910534603985324	-0.0690706654797701	0.0776277974033994
"X65d"	0.17037326303962	-0.0856693608873948	0.484705141010909	0.0328006955843491	0.0920104644282106	-0.0918499626114424
"X65e"	0.0803222163338505	-0.110620634964355	0.357838718788496	0.0536475952718076	0.204265055480799	-0.334289934729746
"X73a"	0.500597805190382	0.249331216936405	-0.00710125921323489	-0.330221566544401	0.0703903261269442	-0.0228989046155965
"X73b"	0.499650534326576	0.154395160455216	-0.0235760675602067	-0.288707428183993	0.0750990117754386	0.0548544040903332
"X73c"	0.521909476793631	0.1917203772989	-0.0353340745050908	-0.353785225160721	0.0450371413780316	0.0244174753828373
"X85a"	0.58236099724293	-0.059317181979307	-0.0544966726799596	0.150638251878051	0.159003925951761	0.102502026283247
"X85b"	0.58015152317597	-0.102334280340357	-0.109651382054351	0.0475339473139679	0.0837089610474616	0.0640527809100399
"X85c"	0.557760040343176	-0.113225063433879	-0.0740068959262501	0.0620636614578981	-0.0644142340688548	-0.000378843445414633
"X92a"	0.153443345949827	-0.0798739531617383	0.349098320325534	0.152518337353386	0.171406772743817	-0.126294717567031
"X92b"	0.152697250134902	-0.0399837395551252	0.30494856671018	-0.0628140468420578	-0.0983202634429393	0.231470295609052
"X92c"	0.169005826858656	0.0691453719366032	0.479742624886345	-0.00427449371408254	-0.0938726446181216	0.302096827151087
"X92d"	0.186674194487126	-0.143112162486148	0.327362894424666	-0.0832590962596818	0.0745597685106416	0.0305650044789987
"X92e"	0.0947560366975464	-0.139077184965489	0.437488496119498	-0.00759406802903709	0.214993607576311	-0.267655928188456
